0,2,dragon1,391,37,21,5,33,25,70,31,0,(400/100/0),40,1,250,0,0
1,2,angelSlayer1,112,26,7,5,(21/16/11),6,110,(19/14/9),0,(500/390/0),40,0,0,40,25
2,2,angelSlayer2,112,26,7,5,(21/16/11),6,110,(19/14/9),0,(505/390/0),40,0,0,40,25
3,2,angelSlayer3,112,26,7,5,(21/16/11),6,110,(19/14/9),0,(5010/390/0),40,0,0,40,25
4,2,angelSlayer4,112,26,7,5,(21/16/11),6,110,(19/14/9),0,(5015/390/0),40,0,0,40,25
5,2,angelSlayer5,112,26,7,5,(21/16/11),6,110,(19/14/9),0,(5020/390/0),40,0,0,40,25
6,2,angelSlayer6,112,26,7,5,(21/16/11),6,110,(19/14/9),0,(1100/390/0),40,0,0,40,25
7,2,angelSlayer7,112,26,7,5,(21/16/11),6,110,(19/14/9),0,(1105/390/0),40,0,0,40,25
8,2,angelSlayer8,112,26,7,5,(21/16/11),6,110,(19/14/9),0,(11010/390/0),40,0,0,40,25
9,2,angelSlayer9,112,26,7,5,(21/16/11),6,110,(19/14/9),0,(11015/390/0),40,0,0,40,25
10,2,angelSlayer10,112,26,7,5,(21/16/11),6,110,(19/14/9),0,(11020/390/0),40,0,0,40,25
11,2,orc11,42,15,10,5,11,7,10,5,0,(0/380/0),30,0,0,0,0
12,2,orc12,42,15,10,5,11,7,10,5,0,(10/380/0),30,0,0,0,0
13,2,orc13,42,15,10,5,11,7,10,5,0,(20/380/0),30,0,0,0,0
14,2,orc14,42,15,10,5,11,7,10,5,0,(30/380/0),30,0,0,0,0
15,2,orc15,42,15,10,5,11,7,10,5,0,(40/380/0),30,0,0,0,0
16,2,orc16,42,15,10,5,11,7,10,5,0,(50/380/0),30,0,0,0,0
17,2,orc17,42,15,10,5,11,7,10,5,0,(60/380/0),30,0,0,0,0
18,2,orc18,42,15,10,5,11,7,10,5,0,(70/380/0),30,0,0,0,0
19,2,orc19,42,15,10,5,11,7,10,5,0,(80/380/0),30,0,0,0,0
20,2,orc20,42,15,10,5,11,7,10,5,0,(90/380/0),30,0,0,0,0
21,2,orc21,42,15,10,5,11,7,10,5,0,(100/380/0),30,0,0,0,0
22,2,orc22,42,15,10,5,11,7,10,5,0,(0/370/0),30,0,0,0,0
23,2,orc23,42,15,10,5,11,7,10,5,0,(10/370/0),30,0,0,0,0
24,2,orc24,42,15,10,5,11,7,10,5,0,(20/370/0),30,0,0,0,0
25,2,orc25,42,15,10,5,11,7,10,5,0,(30/370/0),30,0,0,0,0
26,2,orc26,42,15,10,5,11,7,10,5,0,(40/370/0),30,0,0,0,0
27,2,orc27,42,15,10,5,11,7,10,5,0,(50/370/0),30,0,0,0,0
28,2,orc28,42,15,10,5,11,7,10,5,0,(60/370/0),30,0,0,0,0
29,2,orc29,42,15,10,5,11,7,10,5,0,(70/370/0),30,0,0,0,0
30,2,orc30,42,15,10,5,11,7,10,5,0,(80/370/0),30,0,0,0,0
31,2,orc31,42,15,10,5,11,7,10,5,0,(90/370/0),30,0,0,0,0
32,2,orc32,42,15,10,5,11,7,10,5,0,(100/370/0),30,0,0,0,0
33,2,orc33,42,15,10,5,11,7,10,5,0,(0/360/0),30,0,0,0,0
34,2,orc34,42,15,10,5,11,7,10,5,0,(10/360/0),30,0,0,0,0
35,2,orc35,42,15,10,5,11,7,10,5,0,(20/360/0),30,0,0,0,0
36,2,orc36,42,15,10,5,11,7,10,5,0,(30/360/0),30,0,0,0,0
37,2,orc37,42,15,10,5,11,7,10,5,0,(40/360/0),30,0,0,0,0
38,2,orc38,42,15,10,5,11,7,10,5,0,(50/360/0),30,0,0,0,0
39,2,orc39,42,15,10,5,11,7,10,5,0,(60/360/0),30,0,0,0,0
40,2,orc40,42,15,10,5,11,7,10,5,0,(70/360/0),30,0,0,0,0
41,2,orc41,42,15,10,5,11,7,10,5,0,(80/360/0),30,0,0,0,0
42,2,orc42,42,15,10,5,11,7,10,5,0,(90/360/0),30,0,0,0,0
43,2,orc43,42,15,10,5,11,7,10,5,0,(100/360/0),30,0,0,0,0
44,2,orc44,42,15,10,5,11,7,10,5,0,(0/350/0),30,0,0,0,0
45,2,orc45,42,15,10,5,11,7,10,5,0,(10/350/0),30,0,0,0,0
46,2,orc46,42,15,10,5,11,7,10,5,0,(20/350/0),30,0,0,0,0
47,2,orc47,42,15,10,5,11,7,10,5,0,(30/350/0),30,0,0,0,0
48,2,orc48,42,15,10,5,11,7,10,5,0,(40/350/0),30,0,0,0,0
49,2,orc49,42,15,10,5,11,7,10,5,0,(50/350/0),30,0,0,0,0
50,2,orc50,42,15,10,5,11,7,10,5,0,(60/350/0),30,0,0,0,0
51,2,orc51,42,15,10,5,11,7,10,5,0,(70/350/0),30,0,0,0,0
52,2,orc52,42,15,10,5,11,7,10,5,0,(80/350/0),30,0,0,0,0
53,2,orc53,42,15,10,5,11,7,10,5,0,(90/350/0),30,0,0,0,0
54,2,orc54,42,15,10,5,11,7,10,5,0,(100/350/0),30,0,0,0,0
55,2,orc55,42,15,10,5,11,7,10,5,0,(0/340/0),30,0,0,0,0
56,2,orc56,42,15,10,5,11,7,10,5,0,(10/340/0),30,0,0,0,0
57,2,orc57,42,15,10,5,11,7,10,5,0,(20/340/0),30,0,0,0,0
58,2,orc58,42,15,10,5,11,7,10,5,0,(30/340/0),30,0,0,0,0
59,2,orc59,42,15,10,5,11,7,10,5,0,(40/340/0),30,0,0,0,0
60,2,orc60,42,15,10,5,11,7,10,5,0,(50/340/0),30,0,0,0,0
61,2,orc61,42,15,10,5,11,7,10,5,0,(60/340/0),30,0,0,0,0
62,2,orc62,42,15,10,5,11,7,10,5,0,(70/340/0),30,0,0,0,0
63,2,orc63,42,15,10,5,11,7,10,5,0,(80/340/0),30,0,0,0,0
64,2,orc64,42,15,10,5,11,7,10,5,0,(90/340/0),30,0,0,0,0
65,2,orc65,42,15,10,5,11,7,10,5,0,(100/340/0),30,0,0,0,0
66,2,orc66,42,15,10,5,11,7,10,5,0,(0/330/0),30,0,0,0,0
67,2,orc67,42,15,10,5,11,7,10,5,0,(10/330/0),30,0,0,0,0
68,2,orc68,42,15,10,5,11,7,10,5,0,(20/330/0),30,0,0,0,0
69,2,orc69,42,15,10,5,11,7,10,5,0,(30/330/0),30,0,0,0,0
70,2,orc70,42,15,10,5,11,7,10,5,0,(40/330/0),30,0,0,0,0
71,2,orc71,42,15,10,5,11,7,10,5,0,(50/330/0),30,0,0,0,0
72,2,orc72,42,15,10,5,11,7,10,5,0,(60/330/0),30,0,0,0,0
73,2,orc73,42,15,10,5,11,7,10,5,0,(70/330/0),30,0,0,0,0
74,2,orc74,42,15,10,5,11,7,10,5,0,(80/330/0),30,0,0,0,0
75,2,orc75,42,15,10,5,11,7,10,5,0,(90/330/0),30,0,0,0,0
76,2,orc76,42,15,10,5,11,7,10,5,0,(100/330/0),30,0,0,0,0
77,2,orc77,42,15,10,5,11,7,10,5,0,(0/320/0),30,0,0,0,0
78,2,orc78,42,15,10,5,11,7,10,5,0,(10/320/0),30,0,0,0,0
79,2,orc79,42,15,10,5,11,7,10,5,0,(20/320/0),30,0,0,0,0
80,2,orc80,42,15,10,5,11,7,10,5,0,(30/320/0),30,0,0,0,0
81,2,orc81,42,15,10,5,11,7,10,5,0,(40/320/0),30,0,0,0,0
82,2,orc82,42,15,10,5,11,7,10,5,0,(50/320/0),30,0,0,0,0
83,2,orc83,42,15,10,5,11,7,10,5,0,(60/320/0),30,0,0,0,0
84,2,orc84,42,15,10,5,11,7,10,5,0,(70/320/0),30,0,0,0,0
85,2,orc85,42,15,10,5,11,7,10,5,0,(80/320/0),30,0,0,0,0
86,2,orc86,42,15,10,5,11,7,10,5,0,(90/320/0),30,0,0,0,0
87,2,orc87,42,15,10,5,11,7,10,5,0,(100/320/0),30,0,0,0,0
88,2,orc88,42,15,10,5,11,7,10,5,0,(0/310/0),30,0,0,0,0
89,2,orc89,42,15,10,5,11,7,10,5,0,(10/310/0),30,0,0,0,0
90,2,orc90,42,15,10,5,11,7,10,5,0,(20/310/0),30,0,0,0,0
91,2,orc91,42,15,10,5,11,7,10,5,0,(30/310/0),30,0,0,0,0
92,2,orc92,42,15,10,5,11,7,10,5,0,(40/310/0),30,0,0,0,0
93,2,orc93,42,15,10,5,11,7,10,5,0,(50/310/0),30,0,0,0,0
94,2,orc94,42,15,10,5,11,7,10,5,0,(60/310/0),30,0,0,0,0
95,2,orc95,42,15,10,5,11,7,10,5,0,(70/310/0),30,0,0,0,0
96,2,orc96,42,15,10,5,11,7,10,5,0,(80/310/0),30,0,0,0,0
97,2,orc97,42,15,10,5,11,7,10,5,0,(90/310/0),30,0,0,0,0
98,2,orc98,42,15,10,5,11,7,10,5,0,(100/310/0),30,0,0,0,0
99,2,orc99,42,15,10,5,11,7,10,5,0,(0/300/0),30,0,0,0,0
100,2,orc100,42,15,10,5,11,7,10,5,0,(10/300/0),30,0,0,0,0
101,2,orc101,42,15,10,5,11,7,10,5,0,(20/300/0),30,0,0,0,0
102,2,orc102,42,15,10,5,11,7,10,5,0,(30/300/0),30,0,0,0,0
103,2,orc103,42,15,10,5,11,7,10,5,0,(40/300/0),30,0,0,0,0
104,2,orc104,42,15,10,5,11,7,10,5,0,(50/300/0),30,0,0,0,0
105,2,orc105,42,15,10,5,11,7,10,5,0,(60/300/0),30,0,0,0,0
106,2,orc106,42,15,10,5,11,7,10,5,0,(70/300/0),30,0,0,0,0
107,2,orc107,42,15,10,5,11,7,10,5,0,(80/300/0),30,0,0,0,0
108,2,orc108,42,15,10,5,11,7,10,5,0,(90/300/0),30,0,0,0,0
109,2,orc109,42,15,10,5,11,7,10,5,0,(100/300/0),30,0,0,0,0
110,2,orc110,42,15,10,5,11,7,10,5,0,(0/290/0),30,0,0,0,0
111,2,orc111,42,15,10,5,11,7,10,5,0,(10/290/0),30,0,0,0,0
112,2,orc112,42,15,10,5,11,7,10,5,0,(20/290/0),30,0,0,0,0
113,2,orc113,42,15,10,5,11,7,10,5,0,(30/290/0),30,0,0,0,0
114,2,orc114,42,15,10,5,11,7,10,5,0,(40/290/0),30,0,0,0,0
115,2,orc115,42,15,10,5,11,7,10,5,0,(50/290/0),30,0,0,0,0
116,2,orc116,42,15,10,5,11,7,10,5,0,(60/290/0),30,0,0,0,0
117,2,orc117,42,15,10,5,11,7,10,5,0,(70/290/0),30,0,0,0,0
118,2,orc118,42,15,10,5,11,7,10,5,0,(80/290/0),30,0,0,0,0
119,2,orc119,42,15,10,5,11,7,10,5,0,(90/290/0),30,0,0,0,0
120,2,orc120,42,15,10,5,11,7,10,5,0,(100/290/0),30,0,0,0,0
121,2,orc121,42,15,10,5,11,7,10,5,0,(0/280/0),30,0,0,0,0
122,2,orc122,42,15,10,5,11,7,10,5,0,(10/280/0),30,0,0,0,0
123,2,orc123,42,15,10,5,11,7,10,5,0,(20/280/0),30,0,0,0,0
124,2,orc124,42,15,10,5,11,7,10,5,0,(30/280/0),30,0,0,0,0
125,2,orc125,42,15,10,5,11,7,10,5,0,(40/280/0),30,0,0,0,0
126,2,orc126,42,15,10,5,11,7,10,5,0,(50/280/0),30,0,0,0,0
127,2,orc127,42,15,10,5,11,7,10,5,0,(60/280/0),30,0,0,0,0
128,2,orc128,42,15,10,5,11,7,10,5,0,(70/280/0),30,0,0,0,0
129,2,orc129,42,15,10,5,11,7,10,5,0,(80/280/0),30,0,0,0,0
130,2,orc130,42,15,10,5,11,7,10,5,0,(90/280/0),30,0,0,0,0
131,2,orc131,42,15,10,5,11,7,10,5,0,(100/280/0),30,0,0,0,0
132,2,orc132,42,15,10,5,11,7,10,5,0,(0/270/0),30,0,0,0,0
133,2,orc133,42,15,10,5,11,7,10,5,0,(10/270/0),30,0,0,0,0
134,2,orc134,42,15,10,5,11,7,10,5,0,(20/270/0),30,0,0,0,0
135,2,orc135,42,15,10,5,11,7,10,5,0,(30/270/0),30,0,0,0,0
136,2,orc136,42,15,10,5,11,7,10,5,0,(40/270/0),30,0,0,0,0
137,2,orc137,42,15,10,5,11,7,10,5,0,(50/270/0),30,0,0,0,0
138,2,orc138,42,15,10,5,11,7,10,5,0,(60/270/0),30,0,0,0,0
139,2,orc139,42,15,10,5,11,7,10,5,0,(70/270/0),30,0,0,0,0
140,2,orc140,42,15,10,5,11,7,10,5,0,(80/270/0),30,0,0,0,0
141,2,orc141,42,15,10,5,11,7,10,5,0,(90/270/0),30,0,0,0,0
142,2,orc142,42,15,10,5,11,7,10,5,0,(100/270/0),30,0,0,0,0
143,2,orc143,42,15,10,5,11,7,10,5,0,(0/260/0),30,0,0,0,0
144,2,orc144,42,15,10,5,11,7,10,5,0,(10/260/0),30,0,0,0,0
145,2,orc145,42,15,10,5,11,7,10,5,0,(20/260/0),30,0,0,0,0
146,2,orc146,42,15,10,5,11,7,10,5,0,(30/260/0),30,0,0,0,0
147,2,orc147,42,15,10,5,11,7,10,5,0,(40/260/0),30,0,0,0,0
148,2,orc148,42,15,10,5,11,7,10,5,0,(50/260/0),30,0,0,0,0
149,2,orc149,42,15,10,5,11,7,10,5,0,(60/260/0),30,0,0,0,0
150,2,orc150,42,15,10,5,11,7,10,5,0,(70/260/0),30,0,0,0,0
151,2,orc151,42,15,10,5,11,7,10,5,0,(80/260/0),30,0,0,0,0
152,2,orc152,42,15,10,5,11,7,10,5,0,(90/260/0),30,0,0,0,0
153,2,orc153,42,15,10,5,11,7,10,5,0,(100/260/0),30,0,0,0,0
154,2,orc154,42,15,10,5,11,7,10,5,0,(0/250/0),30,0,0,0,0
155,2,orc155,42,15,10,5,11,7,10,5,0,(10/250/0),30,0,0,0,0
156,2,orc156,42,15,10,5,11,7,10,5,0,(20/250/0),30,0,0,0,0
157,2,orc157,42,15,10,5,11,7,10,5,0,(30/250/0),30,0,0,0,0
158,2,orc158,42,15,10,5,11,7,10,5,0,(40/250/0),30,0,0,0,0
159,2,orc159,42,15,10,5,11,7,10,5,0,(50/250/0),30,0,0,0,0
160,2,orc160,42,15,10,5,11,7,10,5,0,(60/250/0),30,0,0,0,0
161,2,orc161,42,15,10,5,11,7,10,5,0,(70/250/0),30,0,0,0,0
162,2,orc162,42,15,10,5,11,7,10,5,0,(80/250/0),30,0,0,0,0
163,2,orc163,42,15,10,5,11,7,10,5,0,(90/250/0),30,0,0,0,0
164,2,orc164,42,15,10,5,11,7,10,5,0,(100/250/0),30,0,0,0,0
165,2,orc165,42,15,10,5,11,7,10,5,0,(0/240/0),30,0,0,0,0
166,2,orc166,42,15,10,5,11,7,10,5,0,(10/240/0),30,0,0,0,0
167,2,orc167,42,15,10,5,11,7,10,5,0,(20/240/0),30,0,0,0,0
168,2,orc168,42,15,10,5,11,7,10,5,0,(30/240/0),30,0,0,0,0
169,2,orc169,42,15,10,5,11,7,10,5,0,(40/240/0),30,0,0,0,0
170,2,orc170,42,15,10,5,11,7,10,5,0,(50/240/0),30,0,0,0,0
171,2,orc171,42,15,10,5,11,7,10,5,0,(60/240/0),30,0,0,0,0
172,2,orc172,42,15,10,5,11,7,10,5,0,(70/240/0),30,0,0,0,0
173,2,orc173,42,15,10,5,11,7,10,5,0,(80/240/0),30,0,0,0,0
174,2,orc174,42,15,10,5,11,7,10,5,0,(90/240/0),30,0,0,0,0
175,2,orc175,42,15,10,5,11,7,10,5,0,(100/240/0),30,0,0,0,0
176,2,orc176,42,15,10,5,11,7,10,5,0,(0/230/0),30,0,0,0,0
177,2,orc177,42,15,10,5,11,7,10,5,0,(10/230/0),30,0,0,0,0
178,2,orc178,42,15,10,5,11,7,10,5,0,(20/230/0),30,0,0,0,0
179,2,orc179,42,15,10,5,11,7,10,5,0,(30/230/0),30,0,0,0,0
180,2,orc180,42,15,10,5,11,7,10,5,0,(40/230/0),30,0,0,0,0
181,2,orc181,42,15,10,5,11,7,10,5,0,(50/230/0),30,0,0,0,0
182,2,orc182,42,15,10,5,11,7,10,5,0,(60/230/0),30,0,0,0,0
183,2,orc183,42,15,10,5,11,7,10,5,0,(70/230/0),30,0,0,0,0
184,2,orc184,42,15,10,5,11,7,10,5,0,(80/230/0),30,0,0,0,0
185,2,orc185,42,15,10,5,11,7,10,5,0,(90/230/0),30,0,0,0,0
186,2,orc186,42,15,10,5,11,7,10,5,0,(100/230/0),30,0,0,0,0
187,2,orc187,42,15,10,5,11,7,10,5,0,(0/220/0),30,0,0,0,0
188,2,orc188,42,15,10,5,11,7,10,5,0,(10/220/0),30,0,0,0,0
189,2,orc189,42,15,10,5,11,7,10,5,0,(20/220/0),30,0,0,0,0
190,2,orc190,42,15,10,5,11,7,10,5,0,(30/220/0),30,0,0,0,0
191,2,orc191,42,15,10,5,11,7,10,5,0,(40/220/0),30,0,0,0,0
192,2,orc192,42,15,10,5,11,7,10,5,0,(50/220/0),30,0,0,0,0
193,2,orc193,42,15,10,5,11,7,10,5,0,(60/220/0),30,0,0,0,0
194,2,orc194,42,15,10,5,11,7,10,5,0,(70/220/0),30,0,0,0,0
195,2,orc195,42,15,10,5,11,7,10,5,0,(80/220/0),30,0,0,0,0
196,2,orc196,42,15,10,5,11,7,10,5,0,(90/220/0),30,0,0,0,0
197,2,orc197,42,15,10,5,11,7,10,5,0,(100/220/0),30,0,0,0,0
198,2,orc198,42,15,10,5,11,7,10,5,0,(0/210/0),30,0,0,0,0
199,2,orc199,42,15,10,5,11,7,10,5,0,(10/210/0),30,0,0,0,0
200,2,orc200,42,15,10,5,11,7,10,5,0,(20/210/0),30,0,0,0,0
201,2,orc201,42,15,10,5,11,7,10,5,0,(30/210/0),30,0,0,0,0
202,2,orc202,42,15,10,5,11,7,10,5,0,(40/210/0),30,0,0,0,0
203,2,orc203,42,15,10,5,11,7,10,5,0,(50/210/0),30,0,0,0,0
204,2,orc204,42,15,10,5,11,7,10,5,0,(60/210/0),30,0,0,0,0
205,2,orc205,42,15,10,5,11,7,10,5,0,(70/210/0),30,0,0,0,0
206,2,orc206,42,15,10,5,11,7,10,5,0,(80/210/0),30,0,0,0,0
207,2,orc207,42,15,10,5,11,7,10,5,0,(90/210/0),30,0,0,0,0
208,2,orc208,42,15,10,5,11,7,10,5,0,(100/210/0),30,0,0,0,0
209,2,orc209,42,15,10,5,11,7,10,5,0,(0/200/0),30,0,0,0,0
210,2,orc210,42,15,10,5,11,7,10,5,0,(10/200/0),30,0,0,0,0
211,1,solar,363,44,18,5,(35/30/25/20),14,110,(31/26/21/16),15,(100/0/0),50,4,150,50,25
212,1,planetar1,229,32,15,5,(27/22/17),0,0,0,10,(90/0/0),30,4,90,50,25
213,1,planetar2,229,32,15,5,(27/22/17),0,0,0,10,(110/0/0),30,4,90,50,25
214,1,movanicDeva1,126,24,7,5,(17/12/7),0,0,0,0,(80/0/0),40,4,60,50,25
215,1,movanicDeva1,126,24,7,5,(17/12/7),0,0,0,0,(120/0/0),40,4,60,50,25
216,1,astralDeva1,172,29,14,5,(26/21/16),0,0,0,0,(80/10/0),50,4,100,50,25
217,1,astralDeva2,172,29,14,5,(26/21/16),0,0,0,0,(90/10/0),50,4,100,50,25
218,1,astralDeva3,172,29,14,5,(26/21/16),0,0,0,0,(100/10/0),50,4,100,50,25
219,1,astralDeva4,172,29,14,5,(26/21/16),0,0,0,0,(110/10/0),50,4,100,50,25
220,1,astralDeva5,172,29,14,5,(26/21/16),0,0,0,0,(120/10/0),50,4,100,50,25