0,211,1
0,212,1
0,213,1
0,214,1
0,215,1
0,216,1
0,217,1
0,218,1
0,219,1
0,220,1
1,211,1
1,212,1
1,213,1
1,214,1
1,215,1
1,216,1
1,217,1
1,218,1
1,219,1
1,220,1
2,211,1
2,212,1
2,213,1
2,214,1
2,215,1
2,216,1
2,217,1
2,218,1
2,219,1
2,220,1
3,211,1
3,212,1
3,213,1
3,214,1
3,215,1
3,216,1
3,217,1
3,218,1
3,219,1
3,220,1
4,211,1
4,212,1
4,213,1
4,214,1
4,215,1
4,216,1
4,217,1
4,218,1
4,219,1
4,220,1
5,211,1
5,212,1
5,213,1
5,214,1
5,215,1
5,216,1
5,217,1
5,218,1
5,219,1
5,220,1
6,211,1
6,212,1
6,213,1
6,214,1
6,215,1
6,216,1
6,217,1
6,218,1
6,219,1
6,220,1
7,211,1
7,212,1
7,213,1
7,214,1
7,215,1
7,216,1
7,217,1
7,218,1
7,219,1
7,220,1
8,211,1
8,212,1
8,213,1
8,214,1
8,215,1
8,216,1
8,217,1
8,218,1
8,219,1
8,220,1
9,211,1
9,212,1
9,213,1
9,214,1
9,215,1
9,216,1
9,217,1
9,218,1
9,219,1
9,220,1
10,211,1
10,212,1
10,213,1
10,214,1
10,215,1
10,216,1
10,217,1
10,218,1
10,219,1
10,220,1
11,211,1
11,212,1
11,213,1
11,214,1
11,215,1
11,216,1
11,217,1
11,218,1
11,219,1
11,220,1
12,211,1
12,212,1
12,213,1
12,214,1
12,215,1
12,216,1
12,217,1
12,218,1
12,219,1
12,220,1
13,211,1
13,212,1
13,213,1
13,214,1
13,215,1
13,216,1
13,217,1
13,218,1
13,219,1
13,220,1
14,211,1
14,212,1
14,213,1
14,214,1
14,215,1
14,216,1
14,217,1
14,218,1
14,219,1
14,220,1
15,211,1
15,212,1
15,213,1
15,214,1
15,215,1
15,216,1
15,217,1
15,218,1
15,219,1
15,220,1
16,211,1
16,212,1
16,213,1
16,214,1
16,215,1
16,216,1
16,217,1
16,218,1
16,219,1
16,220,1
17,211,1
17,212,1
17,213,1
17,214,1
17,215,1
17,216,1
17,217,1
17,218,1
17,219,1
17,220,1
18,211,1
18,212,1
18,213,1
18,214,1
18,215,1
18,216,1
18,217,1
18,218,1
18,219,1
18,220,1
19,211,1
19,212,1
19,213,1
19,214,1
19,215,1
19,216,1
19,217,1
19,218,1
19,219,1
19,220,1
20,211,1
20,212,1
20,213,1
20,214,1
20,215,1
20,216,1
20,217,1
20,218,1
20,219,1
20,220,1
21,211,1
21,212,1
21,213,1
21,214,1
21,215,1
21,216,1
21,217,1
21,218,1
21,219,1
21,220,1
22,211,1
22,212,1
22,213,1
22,214,1
22,215,1
22,216,1
22,217,1
22,218,1
22,219,1
22,220,1
23,211,1
23,212,1
23,213,1
23,214,1
23,215,1
23,216,1
23,217,1
23,218,1
23,219,1
23,220,1
24,211,1
24,212,1
24,213,1
24,214,1
24,215,1
24,216,1
24,217,1
24,218,1
24,219,1
24,220,1
25,211,1
25,212,1
25,213,1
25,214,1
25,215,1
25,216,1
25,217,1
25,218,1
25,219,1
25,220,1
26,211,1
26,212,1
26,213,1
26,214,1
26,215,1
26,216,1
26,217,1
26,218,1
26,219,1
26,220,1
27,211,1
27,212,1
27,213,1
27,214,1
27,215,1
27,216,1
27,217,1
27,218,1
27,219,1
27,220,1
28,211,1
28,212,1
28,213,1
28,214,1
28,215,1
28,216,1
28,217,1
28,218,1
28,219,1
28,220,1
29,211,1
29,212,1
29,213,1
29,214,1
29,215,1
29,216,1
29,217,1
29,218,1
29,219,1
29,220,1
30,211,1
30,212,1
30,213,1
30,214,1
30,215,1
30,216,1
30,217,1
30,218,1
30,219,1
30,220,1
31,211,1
31,212,1
31,213,1
31,214,1
31,215,1
31,216,1
31,217,1
31,218,1
31,219,1
31,220,1
32,211,1
32,212,1
32,213,1
32,214,1
32,215,1
32,216,1
32,217,1
32,218,1
32,219,1
32,220,1
33,211,1
33,212,1
33,213,1
33,214,1
33,215,1
33,216,1
33,217,1
33,218,1
33,219,1
33,220,1
34,211,1
34,212,1
34,213,1
34,214,1
34,215,1
34,216,1
34,217,1
34,218,1
34,219,1
34,220,1
35,211,1
35,212,1
35,213,1
35,214,1
35,215,1
35,216,1
35,217,1
35,218,1
35,219,1
35,220,1
36,211,1
36,212,1
36,213,1
36,214,1
36,215,1
36,216,1
36,217,1
36,218,1
36,219,1
36,220,1
37,211,1
37,212,1
37,213,1
37,214,1
37,215,1
37,216,1
37,217,1
37,218,1
37,219,1
37,220,1
38,211,1
38,212,1
38,213,1
38,214,1
38,215,1
38,216,1
38,217,1
38,218,1
38,219,1
38,220,1
39,211,1
39,212,1
39,213,1
39,214,1
39,215,1
39,216,1
39,217,1
39,218,1
39,219,1
39,220,1
40,211,1
40,212,1
40,213,1
40,214,1
40,215,1
40,216,1
40,217,1
40,218,1
40,219,1
40,220,1
41,211,1
41,212,1
41,213,1
41,214,1
41,215,1
41,216,1
41,217,1
41,218,1
41,219,1
41,220,1
42,211,1
42,212,1
42,213,1
42,214,1
42,215,1
42,216,1
42,217,1
42,218,1
42,219,1
42,220,1
43,211,1
43,212,1
43,213,1
43,214,1
43,215,1
43,216,1
43,217,1
43,218,1
43,219,1
43,220,1
44,211,1
44,212,1
44,213,1
44,214,1
44,215,1
44,216,1
44,217,1
44,218,1
44,219,1
44,220,1
45,211,1
45,212,1
45,213,1
45,214,1
45,215,1
45,216,1
45,217,1
45,218,1
45,219,1
45,220,1
46,211,1
46,212,1
46,213,1
46,214,1
46,215,1
46,216,1
46,217,1
46,218,1
46,219,1
46,220,1
47,211,1
47,212,1
47,213,1
47,214,1
47,215,1
47,216,1
47,217,1
47,218,1
47,219,1
47,220,1
48,211,1
48,212,1
48,213,1
48,214,1
48,215,1
48,216,1
48,217,1
48,218,1
48,219,1
48,220,1
49,211,1
49,212,1
49,213,1
49,214,1
49,215,1
49,216,1
49,217,1
49,218,1
49,219,1
49,220,1
50,211,1
50,212,1
50,213,1
50,214,1
50,215,1
50,216,1
50,217,1
50,218,1
50,219,1
50,220,1
51,211,1
51,212,1
51,213,1
51,214,1
51,215,1
51,216,1
51,217,1
51,218,1
51,219,1
51,220,1
52,211,1
52,212,1
52,213,1
52,214,1
52,215,1
52,216,1
52,217,1
52,218,1
52,219,1
52,220,1
53,211,1
53,212,1
53,213,1
53,214,1
53,215,1
53,216,1
53,217,1
53,218,1
53,219,1
53,220,1
54,211,1
54,212,1
54,213,1
54,214,1
54,215,1
54,216,1
54,217,1
54,218,1
54,219,1
54,220,1
55,211,1
55,212,1
55,213,1
55,214,1
55,215,1
55,216,1
55,217,1
55,218,1
55,219,1
55,220,1
56,211,1
56,212,1
56,213,1
56,214,1
56,215,1
56,216,1
56,217,1
56,218,1
56,219,1
56,220,1
57,211,1
57,212,1
57,213,1
57,214,1
57,215,1
57,216,1
57,217,1
57,218,1
57,219,1
57,220,1
58,211,1
58,212,1
58,213,1
58,214,1
58,215,1
58,216,1
58,217,1
58,218,1
58,219,1
58,220,1
59,211,1
59,212,1
59,213,1
59,214,1
59,215,1
59,216,1
59,217,1
59,218,1
59,219,1
59,220,1
60,211,1
60,212,1
60,213,1
60,214,1
60,215,1
60,216,1
60,217,1
60,218,1
60,219,1
60,220,1
61,211,1
61,212,1
61,213,1
61,214,1
61,215,1
61,216,1
61,217,1
61,218,1
61,219,1
61,220,1
62,211,1
62,212,1
62,213,1
62,214,1
62,215,1
62,216,1
62,217,1
62,218,1
62,219,1
62,220,1
63,211,1
63,212,1
63,213,1
63,214,1
63,215,1
63,216,1
63,217,1
63,218,1
63,219,1
63,220,1
64,211,1
64,212,1
64,213,1
64,214,1
64,215,1
64,216,1
64,217,1
64,218,1
64,219,1
64,220,1
65,211,1
65,212,1
65,213,1
65,214,1
65,215,1
65,216,1
65,217,1
65,218,1
65,219,1
65,220,1
66,211,1
66,212,1
66,213,1
66,214,1
66,215,1
66,216,1
66,217,1
66,218,1
66,219,1
66,220,1
67,211,1
67,212,1
67,213,1
67,214,1
67,215,1
67,216,1
67,217,1
67,218,1
67,219,1
67,220,1
68,211,1
68,212,1
68,213,1
68,214,1
68,215,1
68,216,1
68,217,1
68,218,1
68,219,1
68,220,1
69,211,1
69,212,1
69,213,1
69,214,1
69,215,1
69,216,1
69,217,1
69,218,1
69,219,1
69,220,1
70,211,1
70,212,1
70,213,1
70,214,1
70,215,1
70,216,1
70,217,1
70,218,1
70,219,1
70,220,1
71,211,1
71,212,1
71,213,1
71,214,1
71,215,1
71,216,1
71,217,1
71,218,1
71,219,1
71,220,1
72,211,1
72,212,1
72,213,1
72,214,1
72,215,1
72,216,1
72,217,1
72,218,1
72,219,1
72,220,1
73,211,1
73,212,1
73,213,1
73,214,1
73,215,1
73,216,1
73,217,1
73,218,1
73,219,1
73,220,1
74,211,1
74,212,1
74,213,1
74,214,1
74,215,1
74,216,1
74,217,1
74,218,1
74,219,1
74,220,1
75,211,1
75,212,1
75,213,1
75,214,1
75,215,1
75,216,1
75,217,1
75,218,1
75,219,1
75,220,1
76,211,1
76,212,1
76,213,1
76,214,1
76,215,1
76,216,1
76,217,1
76,218,1
76,219,1
76,220,1
77,211,1
77,212,1
77,213,1
77,214,1
77,215,1
77,216,1
77,217,1
77,218,1
77,219,1
77,220,1
78,211,1
78,212,1
78,213,1
78,214,1
78,215,1
78,216,1
78,217,1
78,218,1
78,219,1
78,220,1
79,211,1
79,212,1
79,213,1
79,214,1
79,215,1
79,216,1
79,217,1
79,218,1
79,219,1
79,220,1
80,211,1
80,212,1
80,213,1
80,214,1
80,215,1
80,216,1
80,217,1
80,218,1
80,219,1
80,220,1
81,211,1
81,212,1
81,213,1
81,214,1
81,215,1
81,216,1
81,217,1
81,218,1
81,219,1
81,220,1
82,211,1
82,212,1
82,213,1
82,214,1
82,215,1
82,216,1
82,217,1
82,218,1
82,219,1
82,220,1
83,211,1
83,212,1
83,213,1
83,214,1
83,215,1
83,216,1
83,217,1
83,218,1
83,219,1
83,220,1
84,211,1
84,212,1
84,213,1
84,214,1
84,215,1
84,216,1
84,217,1
84,218,1
84,219,1
84,220,1
85,211,1
85,212,1
85,213,1
85,214,1
85,215,1
85,216,1
85,217,1
85,218,1
85,219,1
85,220,1
86,211,1
86,212,1
86,213,1
86,214,1
86,215,1
86,216,1
86,217,1
86,218,1
86,219,1
86,220,1
87,211,1
87,212,1
87,213,1
87,214,1
87,215,1
87,216,1
87,217,1
87,218,1
87,219,1
87,220,1
88,211,1
88,212,1
88,213,1
88,214,1
88,215,1
88,216,1
88,217,1
88,218,1
88,219,1
88,220,1
89,211,1
89,212,1
89,213,1
89,214,1
89,215,1
89,216,1
89,217,1
89,218,1
89,219,1
89,220,1
90,211,1
90,212,1
90,213,1
90,214,1
90,215,1
90,216,1
90,217,1
90,218,1
90,219,1
90,220,1
91,211,1
91,212,1
91,213,1
91,214,1
91,215,1
91,216,1
91,217,1
91,218,1
91,219,1
91,220,1
92,211,1
92,212,1
92,213,1
92,214,1
92,215,1
92,216,1
92,217,1
92,218,1
92,219,1
92,220,1
93,211,1
93,212,1
93,213,1
93,214,1
93,215,1
93,216,1
93,217,1
93,218,1
93,219,1
93,220,1
94,211,1
94,212,1
94,213,1
94,214,1
94,215,1
94,216,1
94,217,1
94,218,1
94,219,1
94,220,1
95,211,1
95,212,1
95,213,1
95,214,1
95,215,1
95,216,1
95,217,1
95,218,1
95,219,1
95,220,1
96,211,1
96,212,1
96,213,1
96,214,1
96,215,1
96,216,1
96,217,1
96,218,1
96,219,1
96,220,1
97,211,1
97,212,1
97,213,1
97,214,1
97,215,1
97,216,1
97,217,1
97,218,1
97,219,1
97,220,1
98,211,1
98,212,1
98,213,1
98,214,1
98,215,1
98,216,1
98,217,1
98,218,1
98,219,1
98,220,1
99,211,1
99,212,1
99,213,1
99,214,1
99,215,1
99,216,1
99,217,1
99,218,1
99,219,1
99,220,1
100,211,1
100,212,1
100,213,1
100,214,1
100,215,1
100,216,1
100,217,1
100,218,1
100,219,1
100,220,1
101,211,1
101,212,1
101,213,1
101,214,1
101,215,1
101,216,1
101,217,1
101,218,1
101,219,1
101,220,1
102,211,1
102,212,1
102,213,1
102,214,1
102,215,1
102,216,1
102,217,1
102,218,1
102,219,1
102,220,1
103,211,1
103,212,1
103,213,1
103,214,1
103,215,1
103,216,1
103,217,1
103,218,1
103,219,1
103,220,1
104,211,1
104,212,1
104,213,1
104,214,1
104,215,1
104,216,1
104,217,1
104,218,1
104,219,1
104,220,1
105,211,1
105,212,1
105,213,1
105,214,1
105,215,1
105,216,1
105,217,1
105,218,1
105,219,1
105,220,1
106,211,1
106,212,1
106,213,1
106,214,1
106,215,1
106,216,1
106,217,1
106,218,1
106,219,1
106,220,1
107,211,1
107,212,1
107,213,1
107,214,1
107,215,1
107,216,1
107,217,1
107,218,1
107,219,1
107,220,1
108,211,1
108,212,1
108,213,1
108,214,1
108,215,1
108,216,1
108,217,1
108,218,1
108,219,1
108,220,1
109,211,1
109,212,1
109,213,1
109,214,1
109,215,1
109,216,1
109,217,1
109,218,1
109,219,1
109,220,1
110,211,1
110,212,1
110,213,1
110,214,1
110,215,1
110,216,1
110,217,1
110,218,1
110,219,1
110,220,1
111,211,1
111,212,1
111,213,1
111,214,1
111,215,1
111,216,1
111,217,1
111,218,1
111,219,1
111,220,1
112,211,1
112,212,1
112,213,1
112,214,1
112,215,1
112,216,1
112,217,1
112,218,1
112,219,1
112,220,1
113,211,1
113,212,1
113,213,1
113,214,1
113,215,1
113,216,1
113,217,1
113,218,1
113,219,1
113,220,1
114,211,1
114,212,1
114,213,1
114,214,1
114,215,1
114,216,1
114,217,1
114,218,1
114,219,1
114,220,1
115,211,1
115,212,1
115,213,1
115,214,1
115,215,1
115,216,1
115,217,1
115,218,1
115,219,1
115,220,1
116,211,1
116,212,1
116,213,1
116,214,1
116,215,1
116,216,1
116,217,1
116,218,1
116,219,1
116,220,1
117,211,1
117,212,1
117,213,1
117,214,1
117,215,1
117,216,1
117,217,1
117,218,1
117,219,1
117,220,1
118,211,1
118,212,1
118,213,1
118,214,1
118,215,1
118,216,1
118,217,1
118,218,1
118,219,1
118,220,1
119,211,1
119,212,1
119,213,1
119,214,1
119,215,1
119,216,1
119,217,1
119,218,1
119,219,1
119,220,1
120,211,1
120,212,1
120,213,1
120,214,1
120,215,1
120,216,1
120,217,1
120,218,1
120,219,1
120,220,1
121,211,1
121,212,1
121,213,1
121,214,1
121,215,1
121,216,1
121,217,1
121,218,1
121,219,1
121,220,1
122,211,1
122,212,1
122,213,1
122,214,1
122,215,1
122,216,1
122,217,1
122,218,1
122,219,1
122,220,1
123,211,1
123,212,1
123,213,1
123,214,1
123,215,1
123,216,1
123,217,1
123,218,1
123,219,1
123,220,1
124,211,1
124,212,1
124,213,1
124,214,1
124,215,1
124,216,1
124,217,1
124,218,1
124,219,1
124,220,1
125,211,1
125,212,1
125,213,1
125,214,1
125,215,1
125,216,1
125,217,1
125,218,1
125,219,1
125,220,1
126,211,1
126,212,1
126,213,1
126,214,1
126,215,1
126,216,1
126,217,1
126,218,1
126,219,1
126,220,1
127,211,1
127,212,1
127,213,1
127,214,1
127,215,1
127,216,1
127,217,1
127,218,1
127,219,1
127,220,1
128,211,1
128,212,1
128,213,1
128,214,1
128,215,1
128,216,1
128,217,1
128,218,1
128,219,1
128,220,1
129,211,1
129,212,1
129,213,1
129,214,1
129,215,1
129,216,1
129,217,1
129,218,1
129,219,1
129,220,1
130,211,1
130,212,1
130,213,1
130,214,1
130,215,1
130,216,1
130,217,1
130,218,1
130,219,1
130,220,1
131,211,1
131,212,1
131,213,1
131,214,1
131,215,1
131,216,1
131,217,1
131,218,1
131,219,1
131,220,1
132,211,1
132,212,1
132,213,1
132,214,1
132,215,1
132,216,1
132,217,1
132,218,1
132,219,1
132,220,1
133,211,1
133,212,1
133,213,1
133,214,1
133,215,1
133,216,1
133,217,1
133,218,1
133,219,1
133,220,1
134,211,1
134,212,1
134,213,1
134,214,1
134,215,1
134,216,1
134,217,1
134,218,1
134,219,1
134,220,1
135,211,1
135,212,1
135,213,1
135,214,1
135,215,1
135,216,1
135,217,1
135,218,1
135,219,1
135,220,1
136,211,1
136,212,1
136,213,1
136,214,1
136,215,1
136,216,1
136,217,1
136,218,1
136,219,1
136,220,1
137,211,1
137,212,1
137,213,1
137,214,1
137,215,1
137,216,1
137,217,1
137,218,1
137,219,1
137,220,1
138,211,1
138,212,1
138,213,1
138,214,1
138,215,1
138,216,1
138,217,1
138,218,1
138,219,1
138,220,1
139,211,1
139,212,1
139,213,1
139,214,1
139,215,1
139,216,1
139,217,1
139,218,1
139,219,1
139,220,1
140,211,1
140,212,1
140,213,1
140,214,1
140,215,1
140,216,1
140,217,1
140,218,1
140,219,1
140,220,1
141,211,1
141,212,1
141,213,1
141,214,1
141,215,1
141,216,1
141,217,1
141,218,1
141,219,1
141,220,1
142,211,1
142,212,1
142,213,1
142,214,1
142,215,1
142,216,1
142,217,1
142,218,1
142,219,1
142,220,1
143,211,1
143,212,1
143,213,1
143,214,1
143,215,1
143,216,1
143,217,1
143,218,1
143,219,1
143,220,1
144,211,1
144,212,1
144,213,1
144,214,1
144,215,1
144,216,1
144,217,1
144,218,1
144,219,1
144,220,1
145,211,1
145,212,1
145,213,1
145,214,1
145,215,1
145,216,1
145,217,1
145,218,1
145,219,1
145,220,1
146,211,1
146,212,1
146,213,1
146,214,1
146,215,1
146,216,1
146,217,1
146,218,1
146,219,1
146,220,1
147,211,1
147,212,1
147,213,1
147,214,1
147,215,1
147,216,1
147,217,1
147,218,1
147,219,1
147,220,1
148,211,1
148,212,1
148,213,1
148,214,1
148,215,1
148,216,1
148,217,1
148,218,1
148,219,1
148,220,1
149,211,1
149,212,1
149,213,1
149,214,1
149,215,1
149,216,1
149,217,1
149,218,1
149,219,1
149,220,1
150,211,1
150,212,1
150,213,1
150,214,1
150,215,1
150,216,1
150,217,1
150,218,1
150,219,1
150,220,1
151,211,1
151,212,1
151,213,1
151,214,1
151,215,1
151,216,1
151,217,1
151,218,1
151,219,1
151,220,1
152,211,1
152,212,1
152,213,1
152,214,1
152,215,1
152,216,1
152,217,1
152,218,1
152,219,1
152,220,1
153,211,1
153,212,1
153,213,1
153,214,1
153,215,1
153,216,1
153,217,1
153,218,1
153,219,1
153,220,1
154,211,1
154,212,1
154,213,1
154,214,1
154,215,1
154,216,1
154,217,1
154,218,1
154,219,1
154,220,1
155,211,1
155,212,1
155,213,1
155,214,1
155,215,1
155,216,1
155,217,1
155,218,1
155,219,1
155,220,1
156,211,1
156,212,1
156,213,1
156,214,1
156,215,1
156,216,1
156,217,1
156,218,1
156,219,1
156,220,1
157,211,1
157,212,1
157,213,1
157,214,1
157,215,1
157,216,1
157,217,1
157,218,1
157,219,1
157,220,1
158,211,1
158,212,1
158,213,1
158,214,1
158,215,1
158,216,1
158,217,1
158,218,1
158,219,1
158,220,1
159,211,1
159,212,1
159,213,1
159,214,1
159,215,1
159,216,1
159,217,1
159,218,1
159,219,1
159,220,1
160,211,1
160,212,1
160,213,1
160,214,1
160,215,1
160,216,1
160,217,1
160,218,1
160,219,1
160,220,1
161,211,1
161,212,1
161,213,1
161,214,1
161,215,1
161,216,1
161,217,1
161,218,1
161,219,1
161,220,1
162,211,1
162,212,1
162,213,1
162,214,1
162,215,1
162,216,1
162,217,1
162,218,1
162,219,1
162,220,1
163,211,1
163,212,1
163,213,1
163,214,1
163,215,1
163,216,1
163,217,1
163,218,1
163,219,1
163,220,1
164,211,1
164,212,1
164,213,1
164,214,1
164,215,1
164,216,1
164,217,1
164,218,1
164,219,1
164,220,1
165,211,1
165,212,1
165,213,1
165,214,1
165,215,1
165,216,1
165,217,1
165,218,1
165,219,1
165,220,1
166,211,1
166,212,1
166,213,1
166,214,1
166,215,1
166,216,1
166,217,1
166,218,1
166,219,1
166,220,1
167,211,1
167,212,1
167,213,1
167,214,1
167,215,1
167,216,1
167,217,1
167,218,1
167,219,1
167,220,1
168,211,1
168,212,1
168,213,1
168,214,1
168,215,1
168,216,1
168,217,1
168,218,1
168,219,1
168,220,1
169,211,1
169,212,1
169,213,1
169,214,1
169,215,1
169,216,1
169,217,1
169,218,1
169,219,1
169,220,1
170,211,1
170,212,1
170,213,1
170,214,1
170,215,1
170,216,1
170,217,1
170,218,1
170,219,1
170,220,1
171,211,1
171,212,1
171,213,1
171,214,1
171,215,1
171,216,1
171,217,1
171,218,1
171,219,1
171,220,1
172,211,1
172,212,1
172,213,1
172,214,1
172,215,1
172,216,1
172,217,1
172,218,1
172,219,1
172,220,1
173,211,1
173,212,1
173,213,1
173,214,1
173,215,1
173,216,1
173,217,1
173,218,1
173,219,1
173,220,1
174,211,1
174,212,1
174,213,1
174,214,1
174,215,1
174,216,1
174,217,1
174,218,1
174,219,1
174,220,1
175,211,1
175,212,1
175,213,1
175,214,1
175,215,1
175,216,1
175,217,1
175,218,1
175,219,1
175,220,1
176,211,1
176,212,1
176,213,1
176,214,1
176,215,1
176,216,1
176,217,1
176,218,1
176,219,1
176,220,1
177,211,1
177,212,1
177,213,1
177,214,1
177,215,1
177,216,1
177,217,1
177,218,1
177,219,1
177,220,1
178,211,1
178,212,1
178,213,1
178,214,1
178,215,1
178,216,1
178,217,1
178,218,1
178,219,1
178,220,1
179,211,1
179,212,1
179,213,1
179,214,1
179,215,1
179,216,1
179,217,1
179,218,1
179,219,1
179,220,1
180,211,1
180,212,1
180,213,1
180,214,1
180,215,1
180,216,1
180,217,1
180,218,1
180,219,1
180,220,1
181,211,1
181,212,1
181,213,1
181,214,1
181,215,1
181,216,1
181,217,1
181,218,1
181,219,1
181,220,1
182,211,1
182,212,1
182,213,1
182,214,1
182,215,1
182,216,1
182,217,1
182,218,1
182,219,1
182,220,1
183,211,1
183,212,1
183,213,1
183,214,1
183,215,1
183,216,1
183,217,1
183,218,1
183,219,1
183,220,1
184,211,1
184,212,1
184,213,1
184,214,1
184,215,1
184,216,1
184,217,1
184,218,1
184,219,1
184,220,1
185,211,1
185,212,1
185,213,1
185,214,1
185,215,1
185,216,1
185,217,1
185,218,1
185,219,1
185,220,1
186,211,1
186,212,1
186,213,1
186,214,1
186,215,1
186,216,1
186,217,1
186,218,1
186,219,1
186,220,1
187,211,1
187,212,1
187,213,1
187,214,1
187,215,1
187,216,1
187,217,1
187,218,1
187,219,1
187,220,1
188,211,1
188,212,1
188,213,1
188,214,1
188,215,1
188,216,1
188,217,1
188,218,1
188,219,1
188,220,1
189,211,1
189,212,1
189,213,1
189,214,1
189,215,1
189,216,1
189,217,1
189,218,1
189,219,1
189,220,1
190,211,1
190,212,1
190,213,1
190,214,1
190,215,1
190,216,1
190,217,1
190,218,1
190,219,1
190,220,1
191,211,1
191,212,1
191,213,1
191,214,1
191,215,1
191,216,1
191,217,1
191,218,1
191,219,1
191,220,1
192,211,1
192,212,1
192,213,1
192,214,1
192,215,1
192,216,1
192,217,1
192,218,1
192,219,1
192,220,1
193,211,1
193,212,1
193,213,1
193,214,1
193,215,1
193,216,1
193,217,1
193,218,1
193,219,1
193,220,1
194,211,1
194,212,1
194,213,1
194,214,1
194,215,1
194,216,1
194,217,1
194,218,1
194,219,1
194,220,1
195,211,1
195,212,1
195,213,1
195,214,1
195,215,1
195,216,1
195,217,1
195,218,1
195,219,1
195,220,1
196,211,1
196,212,1
196,213,1
196,214,1
196,215,1
196,216,1
196,217,1
196,218,1
196,219,1
196,220,1
197,211,1
197,212,1
197,213,1
197,214,1
197,215,1
197,216,1
197,217,1
197,218,1
197,219,1
197,220,1
198,211,1
198,212,1
198,213,1
198,214,1
198,215,1
198,216,1
198,217,1
198,218,1
198,219,1
198,220,1
199,211,1
199,212,1
199,213,1
199,214,1
199,215,1
199,216,1
199,217,1
199,218,1
199,219,1
199,220,1
200,211,1
200,212,1
200,213,1
200,214,1
200,215,1
200,216,1
200,217,1
200,218,1
200,219,1
200,220,1
201,211,1
201,212,1
201,213,1
201,214,1
201,215,1
201,216,1
201,217,1
201,218,1
201,219,1
201,220,1
202,211,1
202,212,1
202,213,1
202,214,1
202,215,1
202,216,1
202,217,1
202,218,1
202,219,1
202,220,1
203,211,1
203,212,1
203,213,1
203,214,1
203,215,1
203,216,1
203,217,1
203,218,1
203,219,1
203,220,1
204,211,1
204,212,1
204,213,1
204,214,1
204,215,1
204,216,1
204,217,1
204,218,1
204,219,1
204,220,1
205,211,1
205,212,1
205,213,1
205,214,1
205,215,1
205,216,1
205,217,1
205,218,1
205,219,1
205,220,1
206,211,1
206,212,1
206,213,1
206,214,1
206,215,1
206,216,1
206,217,1
206,218,1
206,219,1
206,220,1
207,211,1
207,212,1
207,213,1
207,214,1
207,215,1
207,216,1
207,217,1
207,218,1
207,219,1
207,220,1
208,211,1
208,212,1
208,213,1
208,214,1
208,215,1
208,216,1
208,217,1
208,218,1
208,219,1
208,220,1
209,211,1
209,212,1
209,213,1
209,214,1
209,215,1
209,216,1
209,217,1
209,218,1
209,219,1
209,220,1
210,211,1
210,212,1
210,213,1
210,214,1
210,215,1
210,216,1
210,217,1
210,218,1
210,219,1
210,220,1
1,0,2
1,2,2
1,3,2
1,4,2
1,5,2
1,6,2
1,7,2
1,8,2
1,9,2
1,10,2
1,11,2
1,12,2
1,13,2
1,14,2
1,15,2
1,16,2
1,17,2
1,18,2
1,19,2
1,20,2
1,21,2
1,22,2
1,23,2
1,24,2
1,25,2
1,26,2
1,27,2
1,28,2
1,29,2
1,30,2
1,31,2
1,32,2
1,33,2
1,34,2
1,35,2
1,36,2
1,37,2
1,38,2
1,39,2
1,40,2
1,41,2
1,42,2
1,43,2
1,44,2
1,45,2
1,46,2
1,47,2
1,48,2
1,49,2
1,50,2
1,51,2
1,52,2
1,53,2
1,54,2
1,55,2
1,56,2
1,57,2
1,58,2
1,59,2
1,60,2
1,61,2
1,62,2
1,63,2
1,64,2
1,65,2
1,66,2
1,67,2
1,68,2
1,69,2
1,70,2
1,71,2
1,72,2
1,73,2
1,74,2
1,75,2
1,76,2
1,77,2
1,78,2
1,79,2
1,80,2
1,81,2
1,82,2
1,83,2
1,84,2
1,85,2
1,86,2
1,87,2
1,88,2
1,89,2
1,90,2
1,91,2
1,92,2
1,93,2
1,94,2
1,95,2
1,96,2
1,97,2
1,98,2
1,99,2
1,100,2
1,101,2
1,102,2
1,103,2
1,104,2
1,105,2
1,106,2
1,107,2
1,108,2
1,109,2
1,110,2
1,111,2
1,112,2
1,113,2
1,114,2
1,115,2
1,116,2
1,117,2
1,118,2
1,119,2
1,120,2
1,121,2
1,122,2
1,123,2
1,124,2
1,125,2
1,126,2
1,127,2
1,128,2
1,129,2
1,130,2
1,131,2
1,132,2
1,133,2
1,134,2
1,135,2
1,136,2
1,137,2
1,138,2
1,139,2
1,140,2
1,141,2
1,142,2
1,143,2
1,144,2
1,145,2
1,146,2
1,147,2
1,148,2
1,149,2
1,150,2
1,151,2
1,152,2
1,153,2
1,154,2
1,155,2
1,156,2
1,157,2
1,158,2
1,159,2
1,160,2
1,161,2
1,162,2
1,163,2
1,164,2
1,165,2
1,166,2
1,167,2
1,168,2
1,169,2
1,170,2
1,171,2
1,172,2
1,173,2
1,174,2
1,175,2
1,176,2
1,177,2
1,178,2
1,179,2
1,180,2
1,181,2
1,182,2
1,183,2
1,184,2
1,185,2
1,186,2
1,187,2
1,188,2
1,189,2
1,190,2
1,191,2
1,192,2
1,193,2
1,194,2
1,195,2
1,196,2
1,197,2
1,198,2
1,199,2
1,200,2
1,201,2
1,202,2
1,203,2
1,204,2
1,205,2
1,206,2
1,207,2
1,208,2
1,209,2
1,210,2
2,0,2
2,1,2
2,3,2
2,4,2
2,5,2
2,6,2
2,7,2
2,8,2
2,9,2
2,10,2
2,11,2
2,12,2
2,13,2
2,14,2
2,15,2
2,16,2
2,17,2
2,18,2
2,19,2
2,20,2
2,21,2
2,22,2
2,23,2
2,24,2
2,25,2
2,26,2
2,27,2
2,28,2
2,29,2
2,30,2
2,31,2
2,32,2
2,33,2
2,34,2
2,35,2
2,36,2
2,37,2
2,38,2
2,39,2
2,40,2
2,41,2
2,42,2
2,43,2
2,44,2
2,45,2
2,46,2
2,47,2
2,48,2
2,49,2
2,50,2
2,51,2
2,52,2
2,53,2
2,54,2
2,55,2
2,56,2
2,57,2
2,58,2
2,59,2
2,60,2
2,61,2
2,62,2
2,63,2
2,64,2
2,65,2
2,66,2
2,67,2
2,68,2
2,69,2
2,70,2
2,71,2
2,72,2
2,73,2
2,74,2
2,75,2
2,76,2
2,77,2
2,78,2
2,79,2
2,80,2
2,81,2
2,82,2
2,83,2
2,84,2
2,85,2
2,86,2
2,87,2
2,88,2
2,89,2
2,90,2
2,91,2
2,92,2
2,93,2
2,94,2
2,95,2
2,96,2
2,97,2
2,98,2
2,99,2
2,100,2
2,101,2
2,102,2
2,103,2
2,104,2
2,105,2
2,106,2
2,107,2
2,108,2
2,109,2
2,110,2
2,111,2
2,112,2
2,113,2
2,114,2
2,115,2
2,116,2
2,117,2
2,118,2
2,119,2
2,120,2
2,121,2
2,122,2
2,123,2
2,124,2
2,125,2
2,126,2
2,127,2
2,128,2
2,129,2
2,130,2
2,131,2
2,132,2
2,133,2
2,134,2
2,135,2
2,136,2
2,137,2
2,138,2
2,139,2
2,140,2
2,141,2
2,142,2
2,143,2
2,144,2
2,145,2
2,146,2
2,147,2
2,148,2
2,149,2
2,150,2
2,151,2
2,152,2
2,153,2
2,154,2
2,155,2
2,156,2
2,157,2
2,158,2
2,159,2
2,160,2
2,161,2
2,162,2
2,163,2
2,164,2
2,165,2
2,166,2
2,167,2
2,168,2
2,169,2
2,170,2
2,171,2
2,172,2
2,173,2
2,174,2
2,175,2
2,176,2
2,177,2
2,178,2
2,179,2
2,180,2
2,181,2
2,182,2
2,183,2
2,184,2
2,185,2
2,186,2
2,187,2
2,188,2
2,189,2
2,190,2
2,191,2
2,192,2
2,193,2
2,194,2
2,195,2
2,196,2
2,197,2
2,198,2
2,199,2
2,200,2
2,201,2
2,202,2
2,203,2
2,204,2
2,205,2
2,206,2
2,207,2
2,208,2
2,209,2
2,210,2
3,0,2
3,1,2
3,2,2
3,4,2
3,5,2
3,6,2
3,7,2
3,8,2
3,9,2
3,10,2
3,11,2
3,12,2
3,13,2
3,14,2
3,15,2
3,16,2
3,17,2
3,18,2
3,19,2
3,20,2
3,21,2
3,22,2
3,23,2
3,24,2
3,25,2
3,26,2
3,27,2
3,28,2
3,29,2
3,30,2
3,31,2
3,32,2
3,33,2
3,34,2
3,35,2
3,36,2
3,37,2
3,38,2
3,39,2
3,40,2
3,41,2
3,42,2
3,43,2
3,44,2
3,45,2
3,46,2
3,47,2
3,48,2
3,49,2
3,50,2
3,51,2
3,52,2
3,53,2
3,54,2
3,55,2
3,56,2
3,57,2
3,58,2
3,59,2
3,60,2
3,61,2
3,62,2
3,63,2
3,64,2
3,65,2
3,66,2
3,67,2
3,68,2
3,69,2
3,70,2
3,71,2
3,72,2
3,73,2
3,74,2
3,75,2
3,76,2
3,77,2
3,78,2
3,79,2
3,80,2
3,81,2
3,82,2
3,83,2
3,84,2
3,85,2
3,86,2
3,87,2
3,88,2
3,89,2
3,90,2
3,91,2
3,92,2
3,93,2
3,94,2
3,95,2
3,96,2
3,97,2
3,98,2
3,99,2
3,100,2
3,101,2
3,102,2
3,103,2
3,104,2
3,105,2
3,106,2
3,107,2
3,108,2
3,109,2
3,110,2
3,111,2
3,112,2
3,113,2
3,114,2
3,115,2
3,116,2
3,117,2
3,118,2
3,119,2
3,120,2
3,121,2
3,122,2
3,123,2
3,124,2
3,125,2
3,126,2
3,127,2
3,128,2
3,129,2
3,130,2
3,131,2
3,132,2
3,133,2
3,134,2
3,135,2
3,136,2
3,137,2
3,138,2
3,139,2
3,140,2
3,141,2
3,142,2
3,143,2
3,144,2
3,145,2
3,146,2
3,147,2
3,148,2
3,149,2
3,150,2
3,151,2
3,152,2
3,153,2
3,154,2
3,155,2
3,156,2
3,157,2
3,158,2
3,159,2
3,160,2
3,161,2
3,162,2
3,163,2
3,164,2
3,165,2
3,166,2
3,167,2
3,168,2
3,169,2
3,170,2
3,171,2
3,172,2
3,173,2
3,174,2
3,175,2
3,176,2
3,177,2
3,178,2
3,179,2
3,180,2
3,181,2
3,182,2
3,183,2
3,184,2
3,185,2
3,186,2
3,187,2
3,188,2
3,189,2
3,190,2
3,191,2
3,192,2
3,193,2
3,194,2
3,195,2
3,196,2
3,197,2
3,198,2
3,199,2
3,200,2
3,201,2
3,202,2
3,203,2
3,204,2
3,205,2
3,206,2
3,207,2
3,208,2
3,209,2
3,210,2
4,0,2
4,1,2
4,2,2
4,3,2
4,5,2
4,6,2
4,7,2
4,8,2
4,9,2
4,10,2
4,11,2
4,12,2
4,13,2
4,14,2
4,15,2
4,16,2
4,17,2
4,18,2
4,19,2
4,20,2
4,21,2
4,22,2
4,23,2
4,24,2
4,25,2
4,26,2
4,27,2
4,28,2
4,29,2
4,30,2
4,31,2
4,32,2
4,33,2
4,34,2
4,35,2
4,36,2
4,37,2
4,38,2
4,39,2
4,40,2
4,41,2
4,42,2
4,43,2
4,44,2
4,45,2
4,46,2
4,47,2
4,48,2
4,49,2
4,50,2
4,51,2
4,52,2
4,53,2
4,54,2
4,55,2
4,56,2
4,57,2
4,58,2
4,59,2
4,60,2
4,61,2
4,62,2
4,63,2
4,64,2
4,65,2
4,66,2
4,67,2
4,68,2
4,69,2
4,70,2
4,71,2
4,72,2
4,73,2
4,74,2
4,75,2
4,76,2
4,77,2
4,78,2
4,79,2
4,80,2
4,81,2
4,82,2
4,83,2
4,84,2
4,85,2
4,86,2
4,87,2
4,88,2
4,89,2
4,90,2
4,91,2
4,92,2
4,93,2
4,94,2
4,95,2
4,96,2
4,97,2
4,98,2
4,99,2
4,100,2
4,101,2
4,102,2
4,103,2
4,104,2
4,105,2
4,106,2
4,107,2
4,108,2
4,109,2
4,110,2
4,111,2
4,112,2
4,113,2
4,114,2
4,115,2
4,116,2
4,117,2
4,118,2
4,119,2
4,120,2
4,121,2
4,122,2
4,123,2
4,124,2
4,125,2
4,126,2
4,127,2
4,128,2
4,129,2
4,130,2
4,131,2
4,132,2
4,133,2
4,134,2
4,135,2
4,136,2
4,137,2
4,138,2
4,139,2
4,140,2
4,141,2
4,142,2
4,143,2
4,144,2
4,145,2
4,146,2
4,147,2
4,148,2
4,149,2
4,150,2
4,151,2
4,152,2
4,153,2
4,154,2
4,155,2
4,156,2
4,157,2
4,158,2
4,159,2
4,160,2
4,161,2
4,162,2
4,163,2
4,164,2
4,165,2
4,166,2
4,167,2
4,168,2
4,169,2
4,170,2
4,171,2
4,172,2
4,173,2
4,174,2
4,175,2
4,176,2
4,177,2
4,178,2
4,179,2
4,180,2
4,181,2
4,182,2
4,183,2
4,184,2
4,185,2
4,186,2
4,187,2
4,188,2
4,189,2
4,190,2
4,191,2
4,192,2
4,193,2
4,194,2
4,195,2
4,196,2
4,197,2
4,198,2
4,199,2
4,200,2
4,201,2
4,202,2
4,203,2
4,204,2
4,205,2
4,206,2
4,207,2
4,208,2
4,209,2
4,210,2
5,0,2
5,1,2
5,2,2
5,3,2
5,4,2
5,6,2
5,7,2
5,8,2
5,9,2
5,10,2
5,11,2
5,12,2
5,13,2
5,14,2
5,15,2
5,16,2
5,17,2
5,18,2
5,19,2
5,20,2
5,21,2
5,22,2
5,23,2
5,24,2
5,25,2
5,26,2
5,27,2
5,28,2
5,29,2
5,30,2
5,31,2
5,32,2
5,33,2
5,34,2
5,35,2
5,36,2
5,37,2
5,38,2
5,39,2
5,40,2
5,41,2
5,42,2
5,43,2
5,44,2
5,45,2
5,46,2
5,47,2
5,48,2
5,49,2
5,50,2
5,51,2
5,52,2
5,53,2
5,54,2
5,55,2
5,56,2
5,57,2
5,58,2
5,59,2
5,60,2
5,61,2
5,62,2
5,63,2
5,64,2
5,65,2
5,66,2
5,67,2
5,68,2
5,69,2
5,70,2
5,71,2
5,72,2
5,73,2
5,74,2
5,75,2
5,76,2
5,77,2
5,78,2
5,79,2
5,80,2
5,81,2
5,82,2
5,83,2
5,84,2
5,85,2
5,86,2
5,87,2
5,88,2
5,89,2
5,90,2
5,91,2
5,92,2
5,93,2
5,94,2
5,95,2
5,96,2
5,97,2
5,98,2
5,99,2
5,100,2
5,101,2
5,102,2
5,103,2
5,104,2
5,105,2
5,106,2
5,107,2
5,108,2
5,109,2
5,110,2
5,111,2
5,112,2
5,113,2
5,114,2
5,115,2
5,116,2
5,117,2
5,118,2
5,119,2
5,120,2
5,121,2
5,122,2
5,123,2
5,124,2
5,125,2
5,126,2
5,127,2
5,128,2
5,129,2
5,130,2
5,131,2
5,132,2
5,133,2
5,134,2
5,135,2
5,136,2
5,137,2
5,138,2
5,139,2
5,140,2
5,141,2
5,142,2
5,143,2
5,144,2
5,145,2
5,146,2
5,147,2
5,148,2
5,149,2
5,150,2
5,151,2
5,152,2
5,153,2
5,154,2
5,155,2
5,156,2
5,157,2
5,158,2
5,159,2
5,160,2
5,161,2
5,162,2
5,163,2
5,164,2
5,165,2
5,166,2
5,167,2
5,168,2
5,169,2
5,170,2
5,171,2
5,172,2
5,173,2
5,174,2
5,175,2
5,176,2
5,177,2
5,178,2
5,179,2
5,180,2
5,181,2
5,182,2
5,183,2
5,184,2
5,185,2
5,186,2
5,187,2
5,188,2
5,189,2
5,190,2
5,191,2
5,192,2
5,193,2
5,194,2
5,195,2
5,196,2
5,197,2
5,198,2
5,199,2
5,200,2
5,201,2
5,202,2
5,203,2
5,204,2
5,205,2
5,206,2
5,207,2
5,208,2
5,209,2
5,210,2
6,0,2
6,1,2
6,2,2
6,3,2
6,4,2
6,5,2
6,7,2
6,8,2
6,9,2
6,10,2
6,11,2
6,12,2
6,13,2
6,14,2
6,15,2
6,16,2
6,17,2
6,18,2
6,19,2
6,20,2
6,21,2
6,22,2
6,23,2
6,24,2
6,25,2
6,26,2
6,27,2
6,28,2
6,29,2
6,30,2
6,31,2
6,32,2
6,33,2
6,34,2
6,35,2
6,36,2
6,37,2
6,38,2
6,39,2
6,40,2
6,41,2
6,42,2
6,43,2
6,44,2
6,45,2
6,46,2
6,47,2
6,48,2
6,49,2
6,50,2
6,51,2
6,52,2
6,53,2
6,54,2
6,55,2
6,56,2
6,57,2
6,58,2
6,59,2
6,60,2
6,61,2
6,62,2
6,63,2
6,64,2
6,65,2
6,66,2
6,67,2
6,68,2
6,69,2
6,70,2
6,71,2
6,72,2
6,73,2
6,74,2
6,75,2
6,76,2
6,77,2
6,78,2
6,79,2
6,80,2
6,81,2
6,82,2
6,83,2
6,84,2
6,85,2
6,86,2
6,87,2
6,88,2
6,89,2
6,90,2
6,91,2
6,92,2
6,93,2
6,94,2
6,95,2
6,96,2
6,97,2
6,98,2
6,99,2
6,100,2
6,101,2
6,102,2
6,103,2
6,104,2
6,105,2
6,106,2
6,107,2
6,108,2
6,109,2
6,110,2
6,111,2
6,112,2
6,113,2
6,114,2
6,115,2
6,116,2
6,117,2
6,118,2
6,119,2
6,120,2
6,121,2
6,122,2
6,123,2
6,124,2
6,125,2
6,126,2
6,127,2
6,128,2
6,129,2
6,130,2
6,131,2
6,132,2
6,133,2
6,134,2
6,135,2
6,136,2
6,137,2
6,138,2
6,139,2
6,140,2
6,141,2
6,142,2
6,143,2
6,144,2
6,145,2
6,146,2
6,147,2
6,148,2
6,149,2
6,150,2
6,151,2
6,152,2
6,153,2
6,154,2
6,155,2
6,156,2
6,157,2
6,158,2
6,159,2
6,160,2
6,161,2
6,162,2
6,163,2
6,164,2
6,165,2
6,166,2
6,167,2
6,168,2
6,169,2
6,170,2
6,171,2
6,172,2
6,173,2
6,174,2
6,175,2
6,176,2
6,177,2
6,178,2
6,179,2
6,180,2
6,181,2
6,182,2
6,183,2
6,184,2
6,185,2
6,186,2
6,187,2
6,188,2
6,189,2
6,190,2
6,191,2
6,192,2
6,193,2
6,194,2
6,195,2
6,196,2
6,197,2
6,198,2
6,199,2
6,200,2
6,201,2
6,202,2
6,203,2
6,204,2
6,205,2
6,206,2
6,207,2
6,208,2
6,209,2
6,210,2
7,0,2
7,1,2
7,2,2
7,3,2
7,4,2
7,5,2
7,6,2
7,8,2
7,9,2
7,10,2
7,11,2
7,12,2
7,13,2
7,14,2
7,15,2
7,16,2
7,17,2
7,18,2
7,19,2
7,20,2
7,21,2
7,22,2
7,23,2
7,24,2
7,25,2
7,26,2
7,27,2
7,28,2
7,29,2
7,30,2
7,31,2
7,32,2
7,33,2
7,34,2
7,35,2
7,36,2
7,37,2
7,38,2
7,39,2
7,40,2
7,41,2
7,42,2
7,43,2
7,44,2
7,45,2
7,46,2
7,47,2
7,48,2
7,49,2
7,50,2
7,51,2
7,52,2
7,53,2
7,54,2
7,55,2
7,56,2
7,57,2
7,58,2
7,59,2
7,60,2
7,61,2
7,62,2
7,63,2
7,64,2
7,65,2
7,66,2
7,67,2
7,68,2
7,69,2
7,70,2
7,71,2
7,72,2
7,73,2
7,74,2
7,75,2
7,76,2
7,77,2
7,78,2
7,79,2
7,80,2
7,81,2
7,82,2
7,83,2
7,84,2
7,85,2
7,86,2
7,87,2
7,88,2
7,89,2
7,90,2
7,91,2
7,92,2
7,93,2
7,94,2
7,95,2
7,96,2
7,97,2
7,98,2
7,99,2
7,100,2
7,101,2
7,102,2
7,103,2
7,104,2
7,105,2
7,106,2
7,107,2
7,108,2
7,109,2
7,110,2
7,111,2
7,112,2
7,113,2
7,114,2
7,115,2
7,116,2
7,117,2
7,118,2
7,119,2
7,120,2
7,121,2
7,122,2
7,123,2
7,124,2
7,125,2
7,126,2
7,127,2
7,128,2
7,129,2
7,130,2
7,131,2
7,132,2
7,133,2
7,134,2
7,135,2
7,136,2
7,137,2
7,138,2
7,139,2
7,140,2
7,141,2
7,142,2
7,143,2
7,144,2
7,145,2
7,146,2
7,147,2
7,148,2
7,149,2
7,150,2
7,151,2
7,152,2
7,153,2
7,154,2
7,155,2
7,156,2
7,157,2
7,158,2
7,159,2
7,160,2
7,161,2
7,162,2
7,163,2
7,164,2
7,165,2
7,166,2
7,167,2
7,168,2
7,169,2
7,170,2
7,171,2
7,172,2
7,173,2
7,174,2
7,175,2
7,176,2
7,177,2
7,178,2
7,179,2
7,180,2
7,181,2
7,182,2
7,183,2
7,184,2
7,185,2
7,186,2
7,187,2
7,188,2
7,189,2
7,190,2
7,191,2
7,192,2
7,193,2
7,194,2
7,195,2
7,196,2
7,197,2
7,198,2
7,199,2
7,200,2
7,201,2
7,202,2
7,203,2
7,204,2
7,205,2
7,206,2
7,207,2
7,208,2
7,209,2
7,210,2
8,0,2
8,1,2
8,2,2
8,3,2
8,4,2
8,5,2
8,6,2
8,7,2
8,9,2
8,10,2
8,11,2
8,12,2
8,13,2
8,14,2
8,15,2
8,16,2
8,17,2
8,18,2
8,19,2
8,20,2
8,21,2
8,22,2
8,23,2
8,24,2
8,25,2
8,26,2
8,27,2
8,28,2
8,29,2
8,30,2
8,31,2
8,32,2
8,33,2
8,34,2
8,35,2
8,36,2
8,37,2
8,38,2
8,39,2
8,40,2
8,41,2
8,42,2
8,43,2
8,44,2
8,45,2
8,46,2
8,47,2
8,48,2
8,49,2
8,50,2
8,51,2
8,52,2
8,53,2
8,54,2
8,55,2
8,56,2
8,57,2
8,58,2
8,59,2
8,60,2
8,61,2
8,62,2
8,63,2
8,64,2
8,65,2
8,66,2
8,67,2
8,68,2
8,69,2
8,70,2
8,71,2
8,72,2
8,73,2
8,74,2
8,75,2
8,76,2
8,77,2
8,78,2
8,79,2
8,80,2
8,81,2
8,82,2
8,83,2
8,84,2
8,85,2
8,86,2
8,87,2
8,88,2
8,89,2
8,90,2
8,91,2
8,92,2
8,93,2
8,94,2
8,95,2
8,96,2
8,97,2
8,98,2
8,99,2
8,100,2
8,101,2
8,102,2
8,103,2
8,104,2
8,105,2
8,106,2
8,107,2
8,108,2
8,109,2
8,110,2
8,111,2
8,112,2
8,113,2
8,114,2
8,115,2
8,116,2
8,117,2
8,118,2
8,119,2
8,120,2
8,121,2
8,122,2
8,123,2
8,124,2
8,125,2
8,126,2
8,127,2
8,128,2
8,129,2
8,130,2
8,131,2
8,132,2
8,133,2
8,134,2
8,135,2
8,136,2
8,137,2
8,138,2
8,139,2
8,140,2
8,141,2
8,142,2
8,143,2
8,144,2
8,145,2
8,146,2
8,147,2
8,148,2
8,149,2
8,150,2
8,151,2
8,152,2
8,153,2
8,154,2
8,155,2
8,156,2
8,157,2
8,158,2
8,159,2
8,160,2
8,161,2
8,162,2
8,163,2
8,164,2
8,165,2
8,166,2
8,167,2
8,168,2
8,169,2
8,170,2
8,171,2
8,172,2
8,173,2
8,174,2
8,175,2
8,176,2
8,177,2
8,178,2
8,179,2
8,180,2
8,181,2
8,182,2
8,183,2
8,184,2
8,185,2
8,186,2
8,187,2
8,188,2
8,189,2
8,190,2
8,191,2
8,192,2
8,193,2
8,194,2
8,195,2
8,196,2
8,197,2
8,198,2
8,199,2
8,200,2
8,201,2
8,202,2
8,203,2
8,204,2
8,205,2
8,206,2
8,207,2
8,208,2
8,209,2
8,210,2
9,0,2
9,1,2
9,2,2
9,3,2
9,4,2
9,5,2
9,6,2
9,7,2
9,8,2
9,10,2
9,11,2
9,12,2
9,13,2
9,14,2
9,15,2
9,16,2
9,17,2
9,18,2
9,19,2
9,20,2
9,21,2
9,22,2
9,23,2
9,24,2
9,25,2
9,26,2
9,27,2
9,28,2
9,29,2
9,30,2
9,31,2
9,32,2
9,33,2
9,34,2
9,35,2
9,36,2
9,37,2
9,38,2
9,39,2
9,40,2
9,41,2
9,42,2
9,43,2
9,44,2
9,45,2
9,46,2
9,47,2
9,48,2
9,49,2
9,50,2
9,51,2
9,52,2
9,53,2
9,54,2
9,55,2
9,56,2
9,57,2
9,58,2
9,59,2
9,60,2
9,61,2
9,62,2
9,63,2
9,64,2
9,65,2
9,66,2
9,67,2
9,68,2
9,69,2
9,70,2
9,71,2
9,72,2
9,73,2
9,74,2
9,75,2
9,76,2
9,77,2
9,78,2
9,79,2
9,80,2
9,81,2
9,82,2
9,83,2
9,84,2
9,85,2
9,86,2
9,87,2
9,88,2
9,89,2
9,90,2
9,91,2
9,92,2
9,93,2
9,94,2
9,95,2
9,96,2
9,97,2
9,98,2
9,99,2
9,100,2
9,101,2
9,102,2
9,103,2
9,104,2
9,105,2
9,106,2
9,107,2
9,108,2
9,109,2
9,110,2
9,111,2
9,112,2
9,113,2
9,114,2
9,115,2
9,116,2
9,117,2
9,118,2
9,119,2
9,120,2
9,121,2
9,122,2
9,123,2
9,124,2
9,125,2
9,126,2
9,127,2
9,128,2
9,129,2
9,130,2
9,131,2
9,132,2
9,133,2
9,134,2
9,135,2
9,136,2
9,137,2
9,138,2
9,139,2
9,140,2
9,141,2
9,142,2
9,143,2
9,144,2
9,145,2
9,146,2
9,147,2
9,148,2
9,149,2
9,150,2
9,151,2
9,152,2
9,153,2
9,154,2
9,155,2
9,156,2
9,157,2
9,158,2
9,159,2
9,160,2
9,161,2
9,162,2
9,163,2
9,164,2
9,165,2
9,166,2
9,167,2
9,168,2
9,169,2
9,170,2
9,171,2
9,172,2
9,173,2
9,174,2
9,175,2
9,176,2
9,177,2
9,178,2
9,179,2
9,180,2
9,181,2
9,182,2
9,183,2
9,184,2
9,185,2
9,186,2
9,187,2
9,188,2
9,189,2
9,190,2
9,191,2
9,192,2
9,193,2
9,194,2
9,195,2
9,196,2
9,197,2
9,198,2
9,199,2
9,200,2
9,201,2
9,202,2
9,203,2
9,204,2
9,205,2
9,206,2
9,207,2
9,208,2
9,209,2
9,210,2
10,0,2
10,1,2
10,2,2
10,3,2
10,4,2
10,5,2
10,6,2
10,7,2
10,8,2
10,9,2
10,11,2
10,12,2
10,13,2
10,14,2
10,15,2
10,16,2
10,17,2
10,18,2
10,19,2
10,20,2
10,21,2
10,22,2
10,23,2
10,24,2
10,25,2
10,26,2
10,27,2
10,28,2
10,29,2
10,30,2
10,31,2
10,32,2
10,33,2
10,34,2
10,35,2
10,36,2
10,37,2
10,38,2
10,39,2
10,40,2
10,41,2
10,42,2
10,43,2
10,44,2
10,45,2
10,46,2
10,47,2
10,48,2
10,49,2
10,50,2
10,51,2
10,52,2
10,53,2
10,54,2
10,55,2
10,56,2
10,57,2
10,58,2
10,59,2
10,60,2
10,61,2
10,62,2
10,63,2
10,64,2
10,65,2
10,66,2
10,67,2
10,68,2
10,69,2
10,70,2
10,71,2
10,72,2
10,73,2
10,74,2
10,75,2
10,76,2
10,77,2
10,78,2
10,79,2
10,80,2
10,81,2
10,82,2
10,83,2
10,84,2
10,85,2
10,86,2
10,87,2
10,88,2
10,89,2
10,90,2
10,91,2
10,92,2
10,93,2
10,94,2
10,95,2
10,96,2
10,97,2
10,98,2
10,99,2
10,100,2
10,101,2
10,102,2
10,103,2
10,104,2
10,105,2
10,106,2
10,107,2
10,108,2
10,109,2
10,110,2
10,111,2
10,112,2
10,113,2
10,114,2
10,115,2
10,116,2
10,117,2
10,118,2
10,119,2
10,120,2
10,121,2
10,122,2
10,123,2
10,124,2
10,125,2
10,126,2
10,127,2
10,128,2
10,129,2
10,130,2
10,131,2
10,132,2
10,133,2
10,134,2
10,135,2
10,136,2
10,137,2
10,138,2
10,139,2
10,140,2
10,141,2
10,142,2
10,143,2
10,144,2
10,145,2
10,146,2
10,147,2
10,148,2
10,149,2
10,150,2
10,151,2
10,152,2
10,153,2
10,154,2
10,155,2
10,156,2
10,157,2
10,158,2
10,159,2
10,160,2
10,161,2
10,162,2
10,163,2
10,164,2
10,165,2
10,166,2
10,167,2
10,168,2
10,169,2
10,170,2
10,171,2
10,172,2
10,173,2
10,174,2
10,175,2
10,176,2
10,177,2
10,178,2
10,179,2
10,180,2
10,181,2
10,182,2
10,183,2
10,184,2
10,185,2
10,186,2
10,187,2
10,188,2
10,189,2
10,190,2
10,191,2
10,192,2
10,193,2
10,194,2
10,195,2
10,196,2
10,197,2
10,198,2
10,199,2
10,200,2
10,201,2
10,202,2
10,203,2
10,204,2
10,205,2
10,206,2
10,207,2
10,208,2
10,209,2
10,210,2
211,0,1
211,1,1
211,2,1
211,3,1
211,4,1
211,5,1
211,6,1
211,7,1
211,8,1
211,9,1
211,10,1
211,11,1
211,12,1
211,13,1
211,14,1
211,15,1
211,16,1
211,17,1
211,18,1
211,19,1
211,20,1
211,21,1
211,22,1
211,23,1
211,24,1
211,25,1
211,26,1
211,27,1
211,28,1
211,29,1
211,30,1
211,31,1
211,32,1
211,33,1
211,34,1
211,35,1
211,36,1
211,37,1
211,38,1
211,39,1
211,40,1
211,41,1
211,42,1
211,43,1
211,44,1
211,45,1
211,46,1
211,47,1
211,48,1
211,49,1
211,50,1
211,51,1
211,52,1
211,53,1
211,54,1
211,55,1
211,56,1
211,57,1
211,58,1
211,59,1
211,60,1
211,61,1
211,62,1
211,63,1
211,64,1
211,65,1
211,66,1
211,67,1
211,68,1
211,69,1
211,70,1
211,71,1
211,72,1
211,73,1
211,74,1
211,75,1
211,76,1
211,77,1
211,78,1
211,79,1
211,80,1
211,81,1
211,82,1
211,83,1
211,84,1
211,85,1
211,86,1
211,87,1
211,88,1
211,89,1
211,90,1
211,91,1
211,92,1
211,93,1
211,94,1
211,95,1
211,96,1
211,97,1
211,98,1
211,99,1
211,100,1
211,101,1
211,102,1
211,103,1
211,104,1
211,105,1
211,106,1
211,107,1
211,108,1
211,109,1
211,110,1
211,111,1
211,112,1
211,113,1
211,114,1
211,115,1
211,116,1
211,117,1
211,118,1
211,119,1
211,120,1
211,121,1
211,122,1
211,123,1
211,124,1
211,125,1
211,126,1
211,127,1
211,128,1
211,129,1
211,130,1
211,131,1
211,132,1
211,133,1
211,134,1
211,135,1
211,136,1
211,137,1
211,138,1
211,139,1
211,140,1
211,141,1
211,142,1
211,143,1
211,144,1
211,145,1
211,146,1
211,147,1
211,148,1
211,149,1
211,150,1
211,151,1
211,152,1
211,153,1
211,154,1
211,155,1
211,156,1
211,157,1
211,158,1
211,159,1
211,160,1
211,161,1
211,162,1
211,163,1
211,164,1
211,165,1
211,166,1
211,167,1
211,168,1
211,169,1
211,170,1
211,171,1
211,172,1
211,173,1
211,174,1
211,175,1
211,176,1
211,177,1
211,178,1
211,179,1
211,180,1
211,181,1
211,182,1
211,183,1
211,184,1
211,185,1
211,186,1
211,187,1
211,188,1
211,189,1
211,190,1
211,191,1
211,192,1
211,193,1
211,194,1
211,195,1
211,196,1
211,197,1
211,198,1
211,199,1
211,200,1
211,201,1
211,202,1
211,203,1
211,204,1
211,205,1
211,206,1
211,207,1
211,208,1
211,209,1
211,210,1
212,0,1
212,1,1
212,2,1
212,3,1
212,4,1
212,5,1
212,6,1
212,7,1
212,8,1
212,9,1
212,10,1
212,11,1
212,12,1
212,13,1
212,14,1
212,15,1
212,16,1
212,17,1
212,18,1
212,19,1
212,20,1
212,21,1
212,22,1
212,23,1
212,24,1
212,25,1
212,26,1
212,27,1
212,28,1
212,29,1
212,30,1
212,31,1
212,32,1
212,33,1
212,34,1
212,35,1
212,36,1
212,37,1
212,38,1
212,39,1
212,40,1
212,41,1
212,42,1
212,43,1
212,44,1
212,45,1
212,46,1
212,47,1
212,48,1
212,49,1
212,50,1
212,51,1
212,52,1
212,53,1
212,54,1
212,55,1
212,56,1
212,57,1
212,58,1
212,59,1
212,60,1
212,61,1
212,62,1
212,63,1
212,64,1
212,65,1
212,66,1
212,67,1
212,68,1
212,69,1
212,70,1
212,71,1
212,72,1
212,73,1
212,74,1
212,75,1
212,76,1
212,77,1
212,78,1
212,79,1
212,80,1
212,81,1
212,82,1
212,83,1
212,84,1
212,85,1
212,86,1
212,87,1
212,88,1
212,89,1
212,90,1
212,91,1
212,92,1
212,93,1
212,94,1
212,95,1
212,96,1
212,97,1
212,98,1
212,99,1
212,100,1
212,101,1
212,102,1
212,103,1
212,104,1
212,105,1
212,106,1
212,107,1
212,108,1
212,109,1
212,110,1
212,111,1
212,112,1
212,113,1
212,114,1
212,115,1
212,116,1
212,117,1
212,118,1
212,119,1
212,120,1
212,121,1
212,122,1
212,123,1
212,124,1
212,125,1
212,126,1
212,127,1
212,128,1
212,129,1
212,130,1
212,131,1
212,132,1
212,133,1
212,134,1
212,135,1
212,136,1
212,137,1
212,138,1
212,139,1
212,140,1
212,141,1
212,142,1
212,143,1
212,144,1
212,145,1
212,146,1
212,147,1
212,148,1
212,149,1
212,150,1
212,151,1
212,152,1
212,153,1
212,154,1
212,155,1
212,156,1
212,157,1
212,158,1
212,159,1
212,160,1
212,161,1
212,162,1
212,163,1
212,164,1
212,165,1
212,166,1
212,167,1
212,168,1
212,169,1
212,170,1
212,171,1
212,172,1
212,173,1
212,174,1
212,175,1
212,176,1
212,177,1
212,178,1
212,179,1
212,180,1
212,181,1
212,182,1
212,183,1
212,184,1
212,185,1
212,186,1
212,187,1
212,188,1
212,189,1
212,190,1
212,191,1
212,192,1
212,193,1
212,194,1
212,195,1
212,196,1
212,197,1
212,198,1
212,199,1
212,200,1
212,201,1
212,202,1
212,203,1
212,204,1
212,205,1
212,206,1
212,207,1
212,208,1
212,209,1
212,210,1
213,0,1
213,1,1
213,2,1
213,3,1
213,4,1
213,5,1
213,6,1
213,7,1
213,8,1
213,9,1
213,10,1
213,11,1
213,12,1
213,13,1
213,14,1
213,15,1
213,16,1
213,17,1
213,18,1
213,19,1
213,20,1
213,21,1
213,22,1
213,23,1
213,24,1
213,25,1
213,26,1
213,27,1
213,28,1
213,29,1
213,30,1
213,31,1
213,32,1
213,33,1
213,34,1
213,35,1
213,36,1
213,37,1
213,38,1
213,39,1
213,40,1
213,41,1
213,42,1
213,43,1
213,44,1
213,45,1
213,46,1
213,47,1
213,48,1
213,49,1
213,50,1
213,51,1
213,52,1
213,53,1
213,54,1
213,55,1
213,56,1
213,57,1
213,58,1
213,59,1
213,60,1
213,61,1
213,62,1
213,63,1
213,64,1
213,65,1
213,66,1
213,67,1
213,68,1
213,69,1
213,70,1
213,71,1
213,72,1
213,73,1
213,74,1
213,75,1
213,76,1
213,77,1
213,78,1
213,79,1
213,80,1
213,81,1
213,82,1
213,83,1
213,84,1
213,85,1
213,86,1
213,87,1
213,88,1
213,89,1
213,90,1
213,91,1
213,92,1
213,93,1
213,94,1
213,95,1
213,96,1
213,97,1
213,98,1
213,99,1
213,100,1
213,101,1
213,102,1
213,103,1
213,104,1
213,105,1
213,106,1
213,107,1
213,108,1
213,109,1
213,110,1
213,111,1
213,112,1
213,113,1
213,114,1
213,115,1
213,116,1
213,117,1
213,118,1
213,119,1
213,120,1
213,121,1
213,122,1
213,123,1
213,124,1
213,125,1
213,126,1
213,127,1
213,128,1
213,129,1
213,130,1
213,131,1
213,132,1
213,133,1
213,134,1
213,135,1
213,136,1
213,137,1
213,138,1
213,139,1
213,140,1
213,141,1
213,142,1
213,143,1
213,144,1
213,145,1
213,146,1
213,147,1
213,148,1
213,149,1
213,150,1
213,151,1
213,152,1
213,153,1
213,154,1
213,155,1
213,156,1
213,157,1
213,158,1
213,159,1
213,160,1
213,161,1
213,162,1
213,163,1
213,164,1
213,165,1
213,166,1
213,167,1
213,168,1
213,169,1
213,170,1
213,171,1
213,172,1
213,173,1
213,174,1
213,175,1
213,176,1
213,177,1
213,178,1
213,179,1
213,180,1
213,181,1
213,182,1
213,183,1
213,184,1
213,185,1
213,186,1
213,187,1
213,188,1
213,189,1
213,190,1
213,191,1
213,192,1
213,193,1
213,194,1
213,195,1
213,196,1
213,197,1
213,198,1
213,199,1
213,200,1
213,201,1
213,202,1
213,203,1
213,204,1
213,205,1
213,206,1
213,207,1
213,208,1
213,209,1
213,210,1
214,0,1
214,1,1
214,2,1
214,3,1
214,4,1
214,5,1
214,6,1
214,7,1
214,8,1
214,9,1
214,10,1
214,11,1
214,12,1
214,13,1
214,14,1
214,15,1
214,16,1
214,17,1
214,18,1
214,19,1
214,20,1
214,21,1
214,22,1
214,23,1
214,24,1
214,25,1
214,26,1
214,27,1
214,28,1
214,29,1
214,30,1
214,31,1
214,32,1
214,33,1
214,34,1
214,35,1
214,36,1
214,37,1
214,38,1
214,39,1
214,40,1
214,41,1
214,42,1
214,43,1
214,44,1
214,45,1
214,46,1
214,47,1
214,48,1
214,49,1
214,50,1
214,51,1
214,52,1
214,53,1
214,54,1
214,55,1
214,56,1
214,57,1
214,58,1
214,59,1
214,60,1
214,61,1
214,62,1
214,63,1
214,64,1
214,65,1
214,66,1
214,67,1
214,68,1
214,69,1
214,70,1
214,71,1
214,72,1
214,73,1
214,74,1
214,75,1
214,76,1
214,77,1
214,78,1
214,79,1
214,80,1
214,81,1
214,82,1
214,83,1
214,84,1
214,85,1
214,86,1
214,87,1
214,88,1
214,89,1
214,90,1
214,91,1
214,92,1
214,93,1
214,94,1
214,95,1
214,96,1
214,97,1
214,98,1
214,99,1
214,100,1
214,101,1
214,102,1
214,103,1
214,104,1
214,105,1
214,106,1
214,107,1
214,108,1
214,109,1
214,110,1
214,111,1
214,112,1
214,113,1
214,114,1
214,115,1
214,116,1
214,117,1
214,118,1
214,119,1
214,120,1
214,121,1
214,122,1
214,123,1
214,124,1
214,125,1
214,126,1
214,127,1
214,128,1
214,129,1
214,130,1
214,131,1
214,132,1
214,133,1
214,134,1
214,135,1
214,136,1
214,137,1
214,138,1
214,139,1
214,140,1
214,141,1
214,142,1
214,143,1
214,144,1
214,145,1
214,146,1
214,147,1
214,148,1
214,149,1
214,150,1
214,151,1
214,152,1
214,153,1
214,154,1
214,155,1
214,156,1
214,157,1
214,158,1
214,159,1
214,160,1
214,161,1
214,162,1
214,163,1
214,164,1
214,165,1
214,166,1
214,167,1
214,168,1
214,169,1
214,170,1
214,171,1
214,172,1
214,173,1
214,174,1
214,175,1
214,176,1
214,177,1
214,178,1
214,179,1
214,180,1
214,181,1
214,182,1
214,183,1
214,184,1
214,185,1
214,186,1
214,187,1
214,188,1
214,189,1
214,190,1
214,191,1
214,192,1
214,193,1
214,194,1
214,195,1
214,196,1
214,197,1
214,198,1
214,199,1
214,200,1
214,201,1
214,202,1
214,203,1
214,204,1
214,205,1
214,206,1
214,207,1
214,208,1
214,209,1
214,210,1
215,0,1
215,1,1
215,2,1
215,3,1
215,4,1
215,5,1
215,6,1
215,7,1
215,8,1
215,9,1
215,10,1
215,11,1
215,12,1
215,13,1
215,14,1
215,15,1
215,16,1
215,17,1
215,18,1
215,19,1
215,20,1
215,21,1
215,22,1
215,23,1
215,24,1
215,25,1
215,26,1
215,27,1
215,28,1
215,29,1
215,30,1
215,31,1
215,32,1
215,33,1
215,34,1
215,35,1
215,36,1
215,37,1
215,38,1
215,39,1
215,40,1
215,41,1
215,42,1
215,43,1
215,44,1
215,45,1
215,46,1
215,47,1
215,48,1
215,49,1
215,50,1
215,51,1
215,52,1
215,53,1
215,54,1
215,55,1
215,56,1
215,57,1
215,58,1
215,59,1
215,60,1
215,61,1
215,62,1
215,63,1
215,64,1
215,65,1
215,66,1
215,67,1
215,68,1
215,69,1
215,70,1
215,71,1
215,72,1
215,73,1
215,74,1
215,75,1
215,76,1
215,77,1
215,78,1
215,79,1
215,80,1
215,81,1
215,82,1
215,83,1
215,84,1
215,85,1
215,86,1
215,87,1
215,88,1
215,89,1
215,90,1
215,91,1
215,92,1
215,93,1
215,94,1
215,95,1
215,96,1
215,97,1
215,98,1
215,99,1
215,100,1
215,101,1
215,102,1
215,103,1
215,104,1
215,105,1
215,106,1
215,107,1
215,108,1
215,109,1
215,110,1
215,111,1
215,112,1
215,113,1
215,114,1
215,115,1
215,116,1
215,117,1
215,118,1
215,119,1
215,120,1
215,121,1
215,122,1
215,123,1
215,124,1
215,125,1
215,126,1
215,127,1
215,128,1
215,129,1
215,130,1
215,131,1
215,132,1
215,133,1
215,134,1
215,135,1
215,136,1
215,137,1
215,138,1
215,139,1
215,140,1
215,141,1
215,142,1
215,143,1
215,144,1
215,145,1
215,146,1
215,147,1
215,148,1
215,149,1
215,150,1
215,151,1
215,152,1
215,153,1
215,154,1
215,155,1
215,156,1
215,157,1
215,158,1
215,159,1
215,160,1
215,161,1
215,162,1
215,163,1
215,164,1
215,165,1
215,166,1
215,167,1
215,168,1
215,169,1
215,170,1
215,171,1
215,172,1
215,173,1
215,174,1
215,175,1
215,176,1
215,177,1
215,178,1
215,179,1
215,180,1
215,181,1
215,182,1
215,183,1
215,184,1
215,185,1
215,186,1
215,187,1
215,188,1
215,189,1
215,190,1
215,191,1
215,192,1
215,193,1
215,194,1
215,195,1
215,196,1
215,197,1
215,198,1
215,199,1
215,200,1
215,201,1
215,202,1
215,203,1
215,204,1
215,205,1
215,206,1
215,207,1
215,208,1
215,209,1
215,210,1
216,0,1
216,1,1
216,2,1
216,3,1
216,4,1
216,5,1
216,6,1
216,7,1
216,8,1
216,9,1
216,10,1
216,11,1
216,12,1
216,13,1
216,14,1
216,15,1
216,16,1
216,17,1
216,18,1
216,19,1
216,20,1
216,21,1
216,22,1
216,23,1
216,24,1
216,25,1
216,26,1
216,27,1
216,28,1
216,29,1
216,30,1
216,31,1
216,32,1
216,33,1
216,34,1
216,35,1
216,36,1
216,37,1
216,38,1
216,39,1
216,40,1
216,41,1
216,42,1
216,43,1
216,44,1
216,45,1
216,46,1
216,47,1
216,48,1
216,49,1
216,50,1
216,51,1
216,52,1
216,53,1
216,54,1
216,55,1
216,56,1
216,57,1
216,58,1
216,59,1
216,60,1
216,61,1
216,62,1
216,63,1
216,64,1
216,65,1
216,66,1
216,67,1
216,68,1
216,69,1
216,70,1
216,71,1
216,72,1
216,73,1
216,74,1
216,75,1
216,76,1
216,77,1
216,78,1
216,79,1
216,80,1
216,81,1
216,82,1
216,83,1
216,84,1
216,85,1
216,86,1
216,87,1
216,88,1
216,89,1
216,90,1
216,91,1
216,92,1
216,93,1
216,94,1
216,95,1
216,96,1
216,97,1
216,98,1
216,99,1
216,100,1
216,101,1
216,102,1
216,103,1
216,104,1
216,105,1
216,106,1
216,107,1
216,108,1
216,109,1
216,110,1
216,111,1
216,112,1
216,113,1
216,114,1
216,115,1
216,116,1
216,117,1
216,118,1
216,119,1
216,120,1
216,121,1
216,122,1
216,123,1
216,124,1
216,125,1
216,126,1
216,127,1
216,128,1
216,129,1
216,130,1
216,131,1
216,132,1
216,133,1
216,134,1
216,135,1
216,136,1
216,137,1
216,138,1
216,139,1
216,140,1
216,141,1
216,142,1
216,143,1
216,144,1
216,145,1
216,146,1
216,147,1
216,148,1
216,149,1
216,150,1
216,151,1
216,152,1
216,153,1
216,154,1
216,155,1
216,156,1
216,157,1
216,158,1
216,159,1
216,160,1
216,161,1
216,162,1
216,163,1
216,164,1
216,165,1
216,166,1
216,167,1
216,168,1
216,169,1
216,170,1
216,171,1
216,172,1
216,173,1
216,174,1
216,175,1
216,176,1
216,177,1
216,178,1
216,179,1
216,180,1
216,181,1
216,182,1
216,183,1
216,184,1
216,185,1
216,186,1
216,187,1
216,188,1
216,189,1
216,190,1
216,191,1
216,192,1
216,193,1
216,194,1
216,195,1
216,196,1
216,197,1
216,198,1
216,199,1
216,200,1
216,201,1
216,202,1
216,203,1
216,204,1
216,205,1
216,206,1
216,207,1
216,208,1
216,209,1
216,210,1
217,0,1
217,1,1
217,2,1
217,3,1
217,4,1
217,5,1
217,6,1
217,7,1
217,8,1
217,9,1
217,10,1
217,11,1
217,12,1
217,13,1
217,14,1
217,15,1
217,16,1
217,17,1
217,18,1
217,19,1
217,20,1
217,21,1
217,22,1
217,23,1
217,24,1
217,25,1
217,26,1
217,27,1
217,28,1
217,29,1
217,30,1
217,31,1
217,32,1
217,33,1
217,34,1
217,35,1
217,36,1
217,37,1
217,38,1
217,39,1
217,40,1
217,41,1
217,42,1
217,43,1
217,44,1
217,45,1
217,46,1
217,47,1
217,48,1
217,49,1
217,50,1
217,51,1
217,52,1
217,53,1
217,54,1
217,55,1
217,56,1
217,57,1
217,58,1
217,59,1
217,60,1
217,61,1
217,62,1
217,63,1
217,64,1
217,65,1
217,66,1
217,67,1
217,68,1
217,69,1
217,70,1
217,71,1
217,72,1
217,73,1
217,74,1
217,75,1
217,76,1
217,77,1
217,78,1
217,79,1
217,80,1
217,81,1
217,82,1
217,83,1
217,84,1
217,85,1
217,86,1
217,87,1
217,88,1
217,89,1
217,90,1
217,91,1
217,92,1
217,93,1
217,94,1
217,95,1
217,96,1
217,97,1
217,98,1
217,99,1
217,100,1
217,101,1
217,102,1
217,103,1
217,104,1
217,105,1
217,106,1
217,107,1
217,108,1
217,109,1
217,110,1
217,111,1
217,112,1
217,113,1
217,114,1
217,115,1
217,116,1
217,117,1
217,118,1
217,119,1
217,120,1
217,121,1
217,122,1
217,123,1
217,124,1
217,125,1
217,126,1
217,127,1
217,128,1
217,129,1
217,130,1
217,131,1
217,132,1
217,133,1
217,134,1
217,135,1
217,136,1
217,137,1
217,138,1
217,139,1
217,140,1
217,141,1
217,142,1
217,143,1
217,144,1
217,145,1
217,146,1
217,147,1
217,148,1
217,149,1
217,150,1
217,151,1
217,152,1
217,153,1
217,154,1
217,155,1
217,156,1
217,157,1
217,158,1
217,159,1
217,160,1
217,161,1
217,162,1
217,163,1
217,164,1
217,165,1
217,166,1
217,167,1
217,168,1
217,169,1
217,170,1
217,171,1
217,172,1
217,173,1
217,174,1
217,175,1
217,176,1
217,177,1
217,178,1
217,179,1
217,180,1
217,181,1
217,182,1
217,183,1
217,184,1
217,185,1
217,186,1
217,187,1
217,188,1
217,189,1
217,190,1
217,191,1
217,192,1
217,193,1
217,194,1
217,195,1
217,196,1
217,197,1
217,198,1
217,199,1
217,200,1
217,201,1
217,202,1
217,203,1
217,204,1
217,205,1
217,206,1
217,207,1
217,208,1
217,209,1
217,210,1
218,0,1
218,1,1
218,2,1
218,3,1
218,4,1
218,5,1
218,6,1
218,7,1
218,8,1
218,9,1
218,10,1
218,11,1
218,12,1
218,13,1
218,14,1
218,15,1
218,16,1
218,17,1
218,18,1
218,19,1
218,20,1
218,21,1
218,22,1
218,23,1
218,24,1
218,25,1
218,26,1
218,27,1
218,28,1
218,29,1
218,30,1
218,31,1
218,32,1
218,33,1
218,34,1
218,35,1
218,36,1
218,37,1
218,38,1
218,39,1
218,40,1
218,41,1
218,42,1
218,43,1
218,44,1
218,45,1
218,46,1
218,47,1
218,48,1
218,49,1
218,50,1
218,51,1
218,52,1
218,53,1
218,54,1
218,55,1
218,56,1
218,57,1
218,58,1
218,59,1
218,60,1
218,61,1
218,62,1
218,63,1
218,64,1
218,65,1
218,66,1
218,67,1
218,68,1
218,69,1
218,70,1
218,71,1
218,72,1
218,73,1
218,74,1
218,75,1
218,76,1
218,77,1
218,78,1
218,79,1
218,80,1
218,81,1
218,82,1
218,83,1
218,84,1
218,85,1
218,86,1
218,87,1
218,88,1
218,89,1
218,90,1
218,91,1
218,92,1
218,93,1
218,94,1
218,95,1
218,96,1
218,97,1
218,98,1
218,99,1
218,100,1
218,101,1
218,102,1
218,103,1
218,104,1
218,105,1
218,106,1
218,107,1
218,108,1
218,109,1
218,110,1
218,111,1
218,112,1
218,113,1
218,114,1
218,115,1
218,116,1
218,117,1
218,118,1
218,119,1
218,120,1
218,121,1
218,122,1
218,123,1
218,124,1
218,125,1
218,126,1
218,127,1
218,128,1
218,129,1
218,130,1
218,131,1
218,132,1
218,133,1
218,134,1
218,135,1
218,136,1
218,137,1
218,138,1
218,139,1
218,140,1
218,141,1
218,142,1
218,143,1
218,144,1
218,145,1
218,146,1
218,147,1
218,148,1
218,149,1
218,150,1
218,151,1
218,152,1
218,153,1
218,154,1
218,155,1
218,156,1
218,157,1
218,158,1
218,159,1
218,160,1
218,161,1
218,162,1
218,163,1
218,164,1
218,165,1
218,166,1
218,167,1
218,168,1
218,169,1
218,170,1
218,171,1
218,172,1
218,173,1
218,174,1
218,175,1
218,176,1
218,177,1
218,178,1
218,179,1
218,180,1
218,181,1
218,182,1
218,183,1
218,184,1
218,185,1
218,186,1
218,187,1
218,188,1
218,189,1
218,190,1
218,191,1
218,192,1
218,193,1
218,194,1
218,195,1
218,196,1
218,197,1
218,198,1
218,199,1
218,200,1
218,201,1
218,202,1
218,203,1
218,204,1
218,205,1
218,206,1
218,207,1
218,208,1
218,209,1
218,210,1
219,0,1
219,1,1
219,2,1
219,3,1
219,4,1
219,5,1
219,6,1
219,7,1
219,8,1
219,9,1
219,10,1
219,11,1
219,12,1
219,13,1
219,14,1
219,15,1
219,16,1
219,17,1
219,18,1
219,19,1
219,20,1
219,21,1
219,22,1
219,23,1
219,24,1
219,25,1
219,26,1
219,27,1
219,28,1
219,29,1
219,30,1
219,31,1
219,32,1
219,33,1
219,34,1
219,35,1
219,36,1
219,37,1
219,38,1
219,39,1
219,40,1
219,41,1
219,42,1
219,43,1
219,44,1
219,45,1
219,46,1
219,47,1
219,48,1
219,49,1
219,50,1
219,51,1
219,52,1
219,53,1
219,54,1
219,55,1
219,56,1
219,57,1
219,58,1
219,59,1
219,60,1
219,61,1
219,62,1
219,63,1
219,64,1
219,65,1
219,66,1
219,67,1
219,68,1
219,69,1
219,70,1
219,71,1
219,72,1
219,73,1
219,74,1
219,75,1
219,76,1
219,77,1
219,78,1
219,79,1
219,80,1
219,81,1
219,82,1
219,83,1
219,84,1
219,85,1
219,86,1
219,87,1
219,88,1
219,89,1
219,90,1
219,91,1
219,92,1
219,93,1
219,94,1
219,95,1
219,96,1
219,97,1
219,98,1
219,99,1
219,100,1
219,101,1
219,102,1
219,103,1
219,104,1
219,105,1
219,106,1
219,107,1
219,108,1
219,109,1
219,110,1
219,111,1
219,112,1
219,113,1
219,114,1
219,115,1
219,116,1
219,117,1
219,118,1
219,119,1
219,120,1
219,121,1
219,122,1
219,123,1
219,124,1
219,125,1
219,126,1
219,127,1
219,128,1
219,129,1
219,130,1
219,131,1
219,132,1
219,133,1
219,134,1
219,135,1
219,136,1
219,137,1
219,138,1
219,139,1
219,140,1
219,141,1
219,142,1
219,143,1
219,144,1
219,145,1
219,146,1
219,147,1
219,148,1
219,149,1
219,150,1
219,151,1
219,152,1
219,153,1
219,154,1
219,155,1
219,156,1
219,157,1
219,158,1
219,159,1
219,160,1
219,161,1
219,162,1
219,163,1
219,164,1
219,165,1
219,166,1
219,167,1
219,168,1
219,169,1
219,170,1
219,171,1
219,172,1
219,173,1
219,174,1
219,175,1
219,176,1
219,177,1
219,178,1
219,179,1
219,180,1
219,181,1
219,182,1
219,183,1
219,184,1
219,185,1
219,186,1
219,187,1
219,188,1
219,189,1
219,190,1
219,191,1
219,192,1
219,193,1
219,194,1
219,195,1
219,196,1
219,197,1
219,198,1
219,199,1
219,200,1
219,201,1
219,202,1
219,203,1
219,204,1
219,205,1
219,206,1
219,207,1
219,208,1
219,209,1
219,210,1
220,0,1
220,1,1
220,2,1
220,3,1
220,4,1
220,5,1
220,6,1
220,7,1
220,8,1
220,9,1
220,10,1
220,11,1
220,12,1
220,13,1
220,14,1
220,15,1
220,16,1
220,17,1
220,18,1
220,19,1
220,20,1
220,21,1
220,22,1
220,23,1
220,24,1
220,25,1
220,26,1
220,27,1
220,28,1
220,29,1
220,30,1
220,31,1
220,32,1
220,33,1
220,34,1
220,35,1
220,36,1
220,37,1
220,38,1
220,39,1
220,40,1
220,41,1
220,42,1
220,43,1
220,44,1
220,45,1
220,46,1
220,47,1
220,48,1
220,49,1
220,50,1
220,51,1
220,52,1
220,53,1
220,54,1
220,55,1
220,56,1
220,57,1
220,58,1
220,59,1
220,60,1
220,61,1
220,62,1
220,63,1
220,64,1
220,65,1
220,66,1
220,67,1
220,68,1
220,69,1
220,70,1
220,71,1
220,72,1
220,73,1
220,74,1
220,75,1
220,76,1
220,77,1
220,78,1
220,79,1
220,80,1
220,81,1
220,82,1
220,83,1
220,84,1
220,85,1
220,86,1
220,87,1
220,88,1
220,89,1
220,90,1
220,91,1
220,92,1
220,93,1
220,94,1
220,95,1
220,96,1
220,97,1
220,98,1
220,99,1
220,100,1
220,101,1
220,102,1
220,103,1
220,104,1
220,105,1
220,106,1
220,107,1
220,108,1
220,109,1
220,110,1
220,111,1
220,112,1
220,113,1
220,114,1
220,115,1
220,116,1
220,117,1
220,118,1
220,119,1
220,120,1
220,121,1
220,122,1
220,123,1
220,124,1
220,125,1
220,126,1
220,127,1
220,128,1
220,129,1
220,130,1
220,131,1
220,132,1
220,133,1
220,134,1
220,135,1
220,136,1
220,137,1
220,138,1
220,139,1
220,140,1
220,141,1
220,142,1
220,143,1
220,144,1
220,145,1
220,146,1
220,147,1
220,148,1
220,149,1
220,150,1
220,151,1
220,152,1
220,153,1
220,154,1
220,155,1
220,156,1
220,157,1
220,158,1
220,159,1
220,160,1
220,161,1
220,162,1
220,163,1
220,164,1
220,165,1
220,166,1
220,167,1
220,168,1
220,169,1
220,170,1
220,171,1
220,172,1
220,173,1
220,174,1
220,175,1
220,176,1
220,177,1
220,178,1
220,179,1
220,180,1
220,181,1
220,182,1
220,183,1
220,184,1
220,185,1
220,186,1
220,187,1
220,188,1
220,189,1
220,190,1
220,191,1
220,192,1
220,193,1
220,194,1
220,195,1
220,196,1
220,197,1
220,198,1
220,199,1
220,200,1
220,201,1
220,202,1
220,203,1
220,204,1
220,205,1
220,206,1
220,207,1
220,208,1
220,209,1
220,210,1
211,212,2
211,213,2
211,214,2
211,215,2
211,216,2
211,217,2
211,218,2
211,219,2
211,220,2
212,211,2
212,213,2
212,214,2
212,215,2
212,216,2
212,217,2
212,218,2
212,219,2
212,220,2
213,211,2
213,212,2
213,214,2
213,215,2
213,216,2
213,217,2
213,218,2
213,219,2
213,220,2
214,211,2
214,212,2
214,213,2
214,215,2
214,216,2
214,217,2
214,218,2
214,219,2
214,220,2
215,211,2
215,212,2
215,213,2
215,214,2
215,216,2
215,217,2
215,218,2
215,219,2
215,220,2
216,211,2
216,212,2
216,213,2
216,214,2
216,215,2
216,217,2
216,218,2
216,219,2
216,220,2
217,211,2
217,212,2
217,213,2
217,214,2
217,215,2
217,216,2
217,218,2
217,219,2
217,220,2
218,211,2
218,212,2
218,213,2
218,214,2
218,215,2
218,216,2
218,217,2
218,219,2
218,220,2
219,211,2
219,212,2
219,213,2
219,214,2
219,215,2
219,216,2
219,217,2
219,218,2
219,220,2
220,211,2
220,212,2
220,213,2
220,214,2
220,215,2
220,216,2
220,217,2
220,218,2
220,219,2
