1,2,orc1,20,18,20,18,0,(0/0/0)
2,1,orc2,13,18,20,18,0,(0/0/0)
3,2,orc3,13,18,20,18,0,(100/0/0)
4,2,orc4,13,18,20,18,0,(0/0/0)
5,2,orc5,13,18,20,18,0,(0/0/0)
6,2,orc6,13,18,20,18,0,(0/0/0)
7,2,orc7,13,18,20,18,0,(0/0/0)
8,2,orc8,13,18,20,18,0,(0/0/0)
9,2,orc9,13,18,20,18,0,(0/0/0)
10,2,humanOrc,141,27,38,37,0,(0/0/0)
11,2,humanOrc,142,17,41,38,0,(0/0/0)
12,2,humanOrc,142,17,41,38,0,(0/0/0)
13,2,humanOrc,142,17,41,38,0,(0/0/0)
14,2,humanOrc,142,17,41,38,0,(0/0/0)
15,2,angel,363,44,53,49,15,(0/0/0)