1,2,orc1,20,18,2,5,(6/6/6),0,10,(4/4/4),0,(5/-0.5/60),20,0,0,0,0,Models/Teapot/Teapot.obj
2,2,orc2,13,18,2,5,(6/6/6),0,10,(4/4/4),0,(10/-0.5/60),20,0,0,0,0,Models/Teapot/Teapot.obj
3,2,orc3,13,18,2,5,(6/6/6),0,10,(4/4/4),0,(15/-0.5/60),20,0,0,0,0,Models/Teapot/Teapot.obj
4,2,orc4,13,18,2,5,(6/6/6),0,10,(4/4/4),0,(20/-0.5/60),20,0,0,0,0,Models/Teapot/Teapot.obj
5,2,orc5,13,18,2,5,(6/6/6),0,10,(4/4/4),0,(25/-0.5/60),20,0,0,0,0,Models/Teapot/Teapot.obj
6,2,orc6,13,18,2,5,(6/6/6),0,10,(4/4/4),0,(30/-0.5/60),20,0,0,0,0,Models/Teapot/Teapot.obj
7,2,orc7,13,18,2,5,(6/6/6),0,10,(4/4/4),0,(35/-0.5/60),20,0,0,0,0,Models/Teapot/Teapot.obj
8,2,orc8,13,18,2,5,(6/6/6),0,10,(4/4/4),0,(40/-0.5/60),20,0,0,0,0,Models/Teapot/Teapot.obj
9,2,orc9,13,18,2,5,(6/6/6),0,10,(4/4/4),0,(45/-0.5/60),20,0,0,0,0,Models/Teapot/Teapot.obj
10,2,brutalWarlord1,141,27,10,5,(24/19/14),5,10,19,0,(25/-0.5/80),30,0,0,0,0,Models/Teapot/Teapot.obj
11,2,DoubleAxeFury2,142,17,10,5,(19/14/9),6,10,(16/11/6),0,(20/-0.5/80),40,0,0,0,0,Models/Teapot/Teapot.obj
12,2,DoubleAxeFury3,142,17,10,5,(19/14/9),6,10,(46/11/6),0,(15/-0.5/80),40,0,0,0,0,Models/Teapot/Teapot.obj
13,2,DoubleAxeFury4,142,17,10,5,(19/14/9),6,10,(46/11/6),0,(30/-0.5/80),40,0,0,0,0,Models/Teapot/Teapot.obj
14,2,DoubleAxeFury5,142,17,10,5,(19/14/9),6,10,(46/11/6),0,(35/-0.5/80),40,0,0,0,0,Models/Teapot/Teapot.obj
15,1,angel,363,44,18,5,(35/30/25/20),14,10,(31/26/21/16),15,(25/-0.5/-60),50,4,150,50,25,Models/Teapot/Teapot.obj